100   500   10000   8   13
64	81	5
4	59	5
24	66	6
50	64	5
65	27	6
57	40	4
8	18	5
21	20	5
62	8	6
13	88	6
18	79	6
25	79	4
72	30	6
22	72	6
66	73	4
79	1	6
73	7	5
21	28	6
3	92	6
86	75	6
85	36	5
35	47	4
50	3	4
98	42	4
20	49	6
58	30	6
70	23	5
52	7	6
85	38	5
54	64	4
34	95	6
43	77	5
46	22	4
64	98	5
82	21	4
54	77	4
95	90	6
60	3	6
22	97	4
14	44	5
12	29	6
68	75	6
98	29	4
66	62	4
29	92	4
71	80	5
60	49	5
44	17	5
22	87	4
43	40	6
83	50	5
53	87	5
73	79	4
70	47	6
36	27	4
91	69	5
61	17	6
29	24	5
72	34	5
14	57	5
30	31	6
80	48	5
33	38	6
83	87	4
22	14	5
1	1	6
21	74	6
73	37	6
31	87	5
84	38	6
9	37	4
2	1	5
6	58	5
75	61	5
75	44	5
81	27	5
8	24	5
20	33	6
65	85	4
74	23	6
75	27	4
48	40	6
54	81	5
82	30	4
24	4	6
32	34	5
98	59	4
35	64	5
8	41	6
40	46	4
52	70	6
3	57	6
15	24	4
68	98	6
72	74	5
8	58	5
15	94	6
44	34	6
53	98	5
76	2	6
75	86	4
55	24	5
34	63	6
32	55	5
12	84	6
89	46	6
39	58	6
29	37	5
24	24	4
96	35	6
98	71	5
51	96	6
3	41	5
17	5	6
69	11	6
75	29	4
14	52	4
83	56	6
23	25	6
24	63	4
27	58	4
39	60	6
44	17	5
71	92	4
92	30	4
67	52	5
76	33	5
72	73	6
98	23	4
69	62	5
91	97	5
45	81	6
23	25	6
33	40	5
20	89	5
37	30	5
64	31	5
17	17	5
1	22	6
19	15	6
3	38	6
92	14	5
7	5	6
86	79	5
81	35	4
63	87	6
56	83	4
27	32	6
7	49	6
53	50	6
67	59	4
68	53	6
25	46	5
29	11	5
63	15	4
93	53	4
71	3	5
71	7	6
48	73	6
96	35	5
48	42	6
71	7	5
72	9	4
56	83	5
16	94	5
92	67	5
39	22	5
89	74	5
23	34	6
12	88	5
15	9	5
9	3	5
44	25	4
73	59	5
23	33	5
59	14	4
67	30	6
84	68	4
32	36	5
76	75	5
71	33	4
27	97	5
59	14	6
8	81	5
33	42	6
0	29	6
90	53	6
10	62	6
40	75	5
55	22	5
51	62	5
10	34	4
1	90	6
93	37	6
44	57	4
74	84	5
73	82	5
82	0	4
8	94	4
60	9	5
82	50	5
35	0	6
70	12	5
91	73	6
5	43	5
44	51	4
18	88	6
86	47	4
95	82	4
92	51	4
61	66	5
59	93	6
37	17	6
69	36	4
26	8	6
3	46	4
96	25	5
22	39	4
78	4	5
25	5	4
83	95	6
23	43	4
41	35	5
67	72	4
11	11	5
54	12	4
91	9	5
96	22	4
16	80	4
93	84	4
71	61	5
37	4	6
50	38	5
34	92	4
8	47	6
3	96	5
74	31	6
35	28	4
85	94	5
97	67	4
36	23	4
92	31	4
41	68	4
87	9	4
89	35	4
98	8	5
19	83	4
81	50	4
44	97	6
68	89	5
38	57	4
25	16	5
31	18	4
29	15	5
47	79	5
0	78	6
3	14	6
30	8	4
16	32	5
67	87	6
62	73	5
60	60	5
45	23	6
72	83	5
39	74	5
58	61	5
79	0	4
82	71	4
84	51	4
42	14	4
1	15	6
3	82	6
46	68	6
82	35	6
1	1	5
14	1	4
25	91	6
71	48	4
63	38	5
95	63	5
7	90	4
51	64	6
94	70	5
14	81	5
0	2	5
65	28	6
27	90	5
75	76	6
16	18	5
82	42	6
50	63	6
4	41	6
85	42	4
5	29	5
71	41	5
48	8	4
92	82	4
98	37	5
42	63	6
75	83	6
15	84	4
12	14	6
44	48	6
81	45	4
98	97	4
8	36	5
53	1	6
84	69	6
64	49	6
82	38	5
83	90	4
34	21	5
88	71	4
23	22	6
9	69	4
93	34	4
65	35	6
42	70	4
51	79	4
70	48	6
96	0	6
95	4	4
51	94	4
40	72	5
3	44	5
71	87	4
3	84	6
77	37	4
57	94	6
13	37	6
65	14	4
63	5	6
87	59	5
78	91	5
55	92	5
17	30	4
4	84	4
29	26	5
20	45	5
40	14	4
31	56	6
94	79	4
31	52	6
33	30	4
90	87	6
88	33	6
2	24	5
51	24	5
73	32	5
9	21	4
38	72	6
92	1	4
67	50	4
86	89	4
97	62	5
82	76	6
25	70	4
59	72	6
1	48	6
80	68	6
52	10	5
59	57	5
9	70	4
75	12	5
64	93	5
1	11	4
44	24	6
39	19	6
68	98	6
19	45	4
16	24	5
72	64	6
94	30	5
66	72	5
51	27	4
95	42	4
31	34	6
63	81	6
27	0	6
16	15	6
41	58	4
10	60	6
73	0	4
36	57	5
85	44	4
39	40	5
64	62	5
43	47	4
22	9	4
24	16	5
42	63	4
35	63	5
75	65	6
80	41	5
92	93	6
29	30	4
16	52	5
69	78	6
31	58	6
37	59	5
57	55	4
69	32	4
30	78	6
24	56	6
65	58	6
63	2	5
36	42	5
60	13	4
44	61	4
87	35	4
58	22	5
53	12	6
2	27	4
95	78	6
62	4	6
76	42	5
68	43	4
3	34	6
30	64	5
81	11	6
15	24	6
68	11	4
36	6	5
38	93	6
3	59	4
4	84	5
57	94	5
88	30	4
36	67	5
35	61	4
56	5	6
31	36	4
26	13	5
27	96	4
4	26	5
34	30	6
61	27	6
42	78	6
36	63	6
58	83	4
59	33	5
39	56	6
3	77	4
61	34	5
69	91	6
33	12	5
94	53	4
37	47	4
80	17	5
44	92	4
67	78	5
27	59	5
39	3	6
38	18	4
87	43	6
72	51	5
78	5	6
4	70	5
25	91	5
5	56	6
83	37	6
17	47	5
37	10	5
91	59	4
87	81	4
7	37	5
12	92	5
75	47	6
20	60	6
19	96	6
82	28	5
56	27	4
25	65	5
91	80	6
27	5	5
70	95	5
67	9	5
22	13	4
60	86	6
87	77	4
69	6	5
51	6	6
90	66	5
83	4	6
50	95	4
35	24	6
33	98	6
70	95	6
9	97	6
10	12	5
38	20	4
63	70	5
4	21	6
7	59	6
82	67	6
76	66	4
42	96	4
36	4	4
36	54	4
81	44	5
79	25
7	76
69	56
42	74
44	36
3	62
26	76
2	89
7	57
37	60
19	73
42	94
49	5
58	21
14	64
73	75
26	8
53	83
5	11
28	87
16	19
4	1
96	71
75	86
65	96
85	28
37	37
39	17
20	21
74	5
65	54
40	97
32	69
93	24
28	52
44	26
49	98
97	5
37	79
52	37
93	56
49	30
80	57
30	51
44	7
23	27
95	19
38	17
70	6
2	90
23	93
50	19
35	76
30	0
13	70
38	53
94	76
37	77
56	87
64	41
49	39
96	35
75	82
30	71
21	72
64	72
79	33
93	83
30	22
70	40
52	70
73	5
6	32
29	29
49	28
46	31
12	21
19	1
94	0
32	5
42	26
66	74
67	13
23	37
18	14
52	36
72	85
77	72
26	71
93	79
37	0
77	16
88	15
27	87
59	25
77	73
74	15
27	32
83	61
69	71
12	81
95	60
2	44
57	58
8	73
72	50
10	91
50	28
62	41
38	45
0	6
34	27
26	60
29	88
93	45
23	57
40	65
12	96
71	66
41	70
92	95
58	11
16	81
49	50
70	86
19	38
8	93
29	17
31	98
95	21
23	72
72	73
67	68
87	67
37	77
46	41
44	81
33	1
53	8
33	74
2	39
13	62
50	79
31	71
60	36
98	36
27	75
36	80
33	21
93	13
71	90
69	22
55	78
57	93
53	46
80	63
91	68
76	42
65	84
96	62
50	92
21	80
49	31
18	81
96	69
60	18
25	71
87	28
42	65
13	85
52	88
19	25
30	79
46	77
71	53
41	60
32	66
30	94
76	57
64	31
4	31
96	86
60	68
70	74
32	30
0	24
68	58
9	0
25	11
14	33
92	79
44	31
62	1
28	46
57	75
49	94
15	19
54	6
49	4
56	39
32	0
29	83
58	41
93	36
47	15
64	4
73	75
45	97
55	61
16	6
34	26
43	35
50	40
43	79
11	41
76	79
48	12
42	92
79	95
47	30
95	26
91	92
10	95
82	5
93	41
78	33
27	19
52	68
58	3
5	72
59	28
45	29
80	25
74	49
23	42
33	27
17	90
88	31
5	55
77	52
29	0
1	39
86	24
66	38
92	24
7	83
31	3
70	9
7	86
35	6
26	20
73	88
98	97
31	3
58	75
34	38
66	37
0	82
63	83
63	32
68	82
4	79
71	48
45	66
60	23
49	58
7	61
52	57
31	15
14	51
30	64
42	71
7	14
22	86
28	21
79	43
39	47
65	3
57	6
70	74
21	73
21	42
17	27
11	24
6	83
34	28
29	0
41	71
49	28
73	59
12	6
42	66
27	20
44	32
76	40
70	92
4	8
15	44
32	39
37	60
15	77
89	19
73	0
34	84
21	18
44	5
32	95
26	77
12	70
21	16
44	72
10	6
41	70
47	56
17	30
90	24
44	64
38	82
37	39
19	90
66	20
74	45
35	98
69	26
37	21
67	62
61	38
8	28
63	55
71	24
98	1
10	19
28	50
51	34
56	96
35	7
96	7
71	20
81	13
79	74
62	11
2	44
33	0
78	49
46	49
10	23
52	84
52	50
33	73
12	33
61	41
6	68
97	11
94	5
48	57
87	79
48	81
19	97
37	38
24	51
12	68
13	33
2	9
26	35
94	41
91	41
67	85
94	97
98	43
89	67
46	55
95	6
76	64
60	14
88	27
63	54
78	77
28	36
41	43
21	72
49	83
88	8
82	26
62	49
17	64
23	68
66	55
14	38
15	49
88	86
14	53
68	22
61	70
29	22
4	59
30	44
80	42
97	37
22	88
31	35
17	72
27	22
91	74
73	55
47	14
78	48
10	79
10	48
71	27
79	67
8	46
91	72
16	31
82	18
6	35
96	97
12	40
13	8
67	15
82	76
83	31
94	60
60	97
21	41
62	36
40	91
54	19
83	74
77	33
98	52
71	75
49	25
76	41
26	85
60	40
72	1
14	97
7	5
61	71
37	0
22	7
93	63
54	69
72	43
54	56
67	94
67	86
33	21
25	90
46	94
76	12
83	72
30	8
34	34
18	44
13	72
73	98
25	56
44	0
42	75
31	64
69	92
58	84
65	9
92	89
65	47
96	76
84	10
80	88
35	12
68	67
98	67
90	83
59	63
62	62
29	76
58	65
49	37
34	24
97	97
44	46
21	71
12	10
24	34
97	64
44	40
25	81
19	96
75	65
66	21
94	64
14	73
68	3
14	62
79	27
33	88
51	50
15	2
10	64
34	38
68	44
4	31
38	17
25	70
20	4
58	95
39	8
82	41
35	9
56	35
18	16
47	77
65	45
95	64
38	2
50	14
3	61
35	75
91	3
17	83
26	61
44	44
43	46
35	22
23	84
65	49
18	72
76	86
24	55
90	37
69	6
24	46
4	44
55	15
13	2
52	36
66	5
50	54
72	72
52	87
28	59
58	93
6	12
79	30
75	50
19	58
38	65
48	91
11	61
85	71
82	37
31	80
32	17
7	6
41	48
18	28
26	76
65	44
2	67
12	5
74	54
61	52
17	2
44	19
41	54
66	33
90	12
11	22
43	29
34	32
77	38
32	0
26	84
64	91
74	81
24	71
94	51
92	37
47	46
60	5
59	45
89	2
71	29
84	3
56	3
19	60
76	66
96	57
38	70
23	17
67	18
67	71
84	3
87	56
6	56
15	76
72	74
70	20
35	44
37	28
29	76
16	24
46	82
38	4
93	84
20	87
89	30
43	92
37	57
72	23
77	48
39	21
62	67
47	76
67	47
2	9
22	41
68	71
76	42
91	77
47	49
70	49
85	43
79	51
26	53
75	23
25	87
15	45
81	62
39	74
94	18
31	62
27	36
93	1
70	51
91	77
47	7
96	11
36	88
4	11
78	41
60	40
63	43
15	75
21	76
29	58
6	35
23	92
68	0
79	29
15	81
80	75
2	19
79	0
54	45
34	61
68	63
7	15
78	9
62	49
12	90
12	0
48	45
38	38
63	0
54	30
3	87
66	22
82	61
18	87
50	49
74	56
11	28
27	88
50	40
69	41
80	20
55	92
43	10
49	49
92	9
85	94
39	66
64	61
24	21
3	43
62	8
88	18
44	93
93	9
42	93
32	68
72	39
39	54
8	57
67	62
42	68
55	65
35	64
6	37
97	35
87	70
51	37
94	62
59	41
83	93
25	54
15	12
96	80
31	70
71	98
90	38
62	47
56	3
10	11
33	13
96	24
95	96
17	59
83	88
57	54
47	32
40	58
56	72
12	32
82	10
24	31
5	38
4	32
33	36
79	10
81	97
51	80
14	68
34	48
94	87
71	5
55	94
90	51
76	69
2	61
26	7
79	91
80	50
95	82
38	9
49	75
70	64
59	18
61	1
85	21
66	35
54	36
29	61
98	61
57	9
37	34
96	62
47	78
53	17
54	47
83	18
67	13
30	47
44	76
9	48
40	57
69	85
55	4
49	4
59	23
38	52
49	81
40	90
48	76
12	38
60	1
97	1
79	7
79	36
45	76
33	97
88	64
68	59
48	12
5	69
49	73
63	49
73	90
53	14
73	75
66	57
48	3
58	52
3	96
40	44
37	90
93	74
47	75
44	91
3	16
31	27
2	5
52	13
5	81
92	67
93	5
40	34
10	42
58	50
23	31
13	86
78	8
69	14
48	77
96	82
88	73
8	30
25	49
47	73
35	34
1	27
83	11
86	42
23	40
57	93
53	3
41	96
93	20
48	20
80	72
59	7
8	67
23	20
82	45
25	73
61	48
40	24
15	95
69	80
24	27
17	33
38	82
41	24
3	16
25	46
16	49
30	2
25	63
77	14
7	62
44	73
90	43
80	61
19	69
20	14
26	98
71	53
53	13
14	42
71	85
22	56
5	75
91	86
58	80
47	0
54	66
19	54
96	22
82	73
42	62
31	24
68	93
83	92
2	5
49	92
14	36
18	78
5	54
78	62
34	14
25	58
20	56
54	18
38	20
14	35
10	31
2	65
45	10
2	6
59	30
44	12
27	27
79	53
82	60
68	74
30	93
54	52
37	34
94	1
10	42
77	88
19	38
22	34
18	19
82	70
33	51
28	60
7	4
86	49
89	92
92	12
86	25
56	2
41	46
81	60
51	31
92	52
7	65
0	38
55	84
81	31
17	74
26	50
85	29
58	24
81	90
2	66
42	34
75	64
4	38
26	35
68	96
78	76
23	30
98	30
41	78
33	90
38	68
53	70
36	73
80	4
2	49
37	45
30	83
5	26
47	67
27	11
70	0
39	44
14	26
81	26
82	63
39	57
63	59
22	41
95	75
69	97
17	79
50	24
88	8
14	78
27	34
0	71
17	82
27	86
65	46
41	55
61	39
21	88
30	5
39	0
88	89
51	58
35	20
32	25
62	16
28	50
98	16
96	9
82	85
50	51
19	26
9	76
27	0
92	32
51	47
49	43
12	25
16	46
26	33
42	19
38	90
16	27
65	4
35	68
37	27
18	54
74	4
59	13
26	69
53	76
73	95
97	83
80	35
74	58
69	29
78	13
4	49
41	96
83	24
73	22
22	87
64	78
47	50
66	16
96	78
95	73
9	16
54	37
68	32
69	75
36	38
79	13
64	63
69	8
20	18
95	49
34	38
56	52
87	57
13	34
48	74
37	60
58	15
11	90
21	22
22	30
75	47
96	68
29	17
84	73
93	81
90	13
73	55
83	59
0	0
83	38
15	10
87	67
50	54
2	27
88	20
13	23
54	15
15	36
31	83
42	3
28	26
26	19
8	13
41	53
94	41
2	46
90	78
37	83
35	81
93	10
44	94
9	49
18	43
45	82
96	52
29	24
11	81
17	7
66	51
86	59
31	86
71	64
76	9
36	70
31	5
75	84
83	19
67	28
62	6
9	77
39	88
24	68
20	8
23	69
47	35
89	52
63	64
84	78
69	31
82	80
90	58
1	38
35	95
4	57
75	95
67	33
35	7
2	49
74	82
4	0
45	91
41	85
87	22
51	38
78	68
83	36
37	54
85	38
27	52
80	16
65	74
62	41
65	80
16	4
30	31
54	74
39	4
68	47
15	55
46	29
24	30
13	57
55	23
58	86
96	46
42	26
22	21
13	36
30	18
78	70
31	32
51	41
97	73
95	24
32	21
78	97
15	36
66	20
43	46
56	7
55	75
22	39
34	62
32	64
76	34
96	43
12	44
22	8
42	24
36	0
49	75
78	61
26	94
62	0
45	27
1	0
78	95
8	63
29	6
78	91
38	6
36	23
71	42
65	64
10	97
87	39
78	98
55	12
28	42
18	23
17	32
77	80
79	70
75	54
32	9
17	84
97	26
74	44
32	79
15	91
94	77
21	36
87	22
21	15
96	3
38	61
59	86
90	50
15	96
39	43
96	95
16	84
65	75
32	57
34	94
12	67
10	11
68	67
31	30
6	19
32	75
39	32
80	70
90	33
26	96
38	24
14	42
39	33
29	60
40	63
66	47
47	85
21	28
86	42
3	13
41	37
68	27
14	46
15	21
0	61
29	15
79	85
31	64
79	75
45	93
55	38
18	2
87	83
95	37
39	89
49	44
43	13
23	11
83	94
18	28
76	49
67	82
45	11
28	92
61	97
70	52
54	31
24	69
75	82
93	11
10	91
52	21
47	28
30	40
14	46
80	52
92	17
12	38
58	84
66	49
10	12
11	96
75	5
14	39
83	74
78	97
69	1
88	1
36	67
61	52
0	33
88	23
14	61
26	38
67	2
56	72
47	66
24	61
26	83
80	13
66	18
57	91
1	29
66	81
68	20
16	19
56	68
46	66
22	8
37	24
88	57
4	66
22	88
89	20
93	44
89	31
0	92
33	81
47	35
76	61
30	46
79	86
94	11
69	59
63	57
12	97
88	55
53	5
43	44
40	57
53	84
19	79
93	72
59	97
76	97
53	57
24	56
48	56
30	45
65	9
20	51
25	16
39	88
7	35
76	96
83	42
0	55
35	64
30	98
10	64
3	2
92	33
63	53
45	51
76	44
21	43
8	34
69	11
1	56
50	36
44	11
8	32
8	54
77	20
40	22
84	19
47	88
76	66
91	90
59	61
83	96
15	81
4	86
73	5
6	46
59	60
14	87
90	4
97	30
2	3
27	43
96	1
64	35
75	19
95	32
36	47
51	41
97	35
49	91
13	8
76	84
25	85
19	88
18	63
6	71
4	86
6	55
96	63
31	25
20	12
14	23
30	25
28	89
44	39
36	31
74	12
58	33
42	78
38	43
76	19
28	39
48	56
69	20
62	60
42	50
90	15
47	21
54	49
50	10
60	32
59	83
82	11
91	24
44	94
79	53
9	67
65	73
84	7
71	1
83	52
58	9
87	47
52	13
32	43
22	66
29	60
57	16
10	68
17	49
96	86
45	1
92	66
69	60
2	7
97	26
23	47
3	52
78	87
19	76
26	27
97	34
59	50
16	94
22	62
58	71
39	62
78	86
79	0
93	7
68	8
14	76
17	89
68	6
21	53
29	6
2	68
55	84
29	69
15	88
41	39
27	56
36	48
7	37
73	31
80	88
55	2
92	30
58	66
54	1
11	90
89	41
69	88
3	45
72	48
36	61
85	14
51	76
56	85
34	42
84	86
30	16
49	96
1	98
35	53
84	75
5	97
48	69
1	43
70	38
8	17
66	58
38	22
8	84
6	46
27	23
13	86
57	85
72	90
2	36
22	4
68	68
93	51
78	12
82	37
38	23
49	72
68	85
5	98
0	29
19	98
15	95
43	6
42	42
63	13
56	20
20	36
8	5
48	33
15	50
62	12
16	34
98	60
23	54
70	95
42	44
40	27
34	71
65	40
91	32
22	61
70	65
74	75
35	45
7	11
55	97
96	10
32	78
39	74
11	63
84	66
80	42
60	8
69	3
92	9
54	51
47	30
67	27
31	95
50	16
42	7
78	88
52	32
4	56
82	76
33	42
93	79
56	55
85	20
9	11
41	0
38	12
58	37
87	48
43	1
43	93
17	46
80	10
91	76
4	28
79	21
45	27
35	74
26	94
92	75
9	69
60	58
29	44
79	54
44	75
67	11
60	33
37	54
35	45
23	10
43	62
95	24
81	64
71	1
13	5
4	1
94	40
84	44
96	66
75	26
48	63
76	95
3	10
10	59
9	6
3	22
75	29
36	42
97	61
67	3
37	56
87	82
8	20
96	41
34	34
25	69
66	51
78	32
74	43
47	23
39	61
18	6
75	71
81	29
33	32
48	20
8	94
60	30
76	19
77	78
39	48
71	92
95	81
57	69
13	69
80	6
58	68
59	14
47	6
41	64
97	71
36	7
32	21
80	76
49	48
60	66
69	34
87	56
48	67
60	10
3	7
10	90
92	80
48	3
83	77
57	36
65	28
17	36
23	95
87	68
15	61
43	76
15	23
86	21
30	18
93	61
21	47
58	42
2	16
70	71
30	22
43	84
6	71
74	25
36	65
36	61
96	16
76	82
41	94
9	52
28	52
7	86
72	81
41	77
6	50
85	35
41	24
68	64
3	48
69	45
59	34
67	73
25	47
7	91
47	42
40	31
50	13
80	56
79	35
32	5
21	88
80	7
12	90
8	77
26	64
46	35
45	65
61	87
96	54
38	78
17	35
5	15
10	70
65	65
12	20
6	88
27	43
17	19
23	39
96	41
48	16
24	68
1	86
39	77
62	43
39	89
31	52
20	4
38	34
23	39
1	59
75	37
44	24
54	14
27	57
52	55
34	12
49	35
3	33
83	63
8	81
51	71
71	9
80	49
57	46
28	14
13	24
93	70
40	93
10	43
84	81
58	28
24	36
98	57
5	17
48	0
53	47
14	3
31	95
12	64
32	3
90	98
4	23
29	96
86	86
44	98
78	62
46	49
13	70
30	96
6	85
16	45
58	43
12	36
60	85
37	26
32	59
18	13
37	96
4	14
10	64
73	35
63	83
27	5
7	26
11	82
51	34
30	93
70	47
35	49
48	1
12	29
93	18
69	4
50	91
21	12
26	6
80	67
85	47
10	56
94	78
90	69
62	77
85	22
56	42
88	60
89	61
23	97
73	55
77	71
36	76
18	74
96	21
64	66
58	0
13	65
95	95
14	51
35	22
64	3
34	65
49	16
54	55
63	12
25	45
69	20
36	0
34	42
10	60
24	11
1	52
1	8
2	4
14	4
83	14
83	8
47	78
81	96
17	89
23	39
96	61
42	63
2	72
71	73
49	41
8	89
87	28
77	35
82	92
42	69
39	13
70	67
66	5
54	26
69	7
43	18
15	41
94	65
97	8
70	6
66	0
20	88
11	24
29	42
95	44
85	25
50	14
38	79
64	64
54	86
23	11
23	92
11	48
11	80
24	72
2	46
42	10
74	61
73	79
78	74
45	52
16	34
18	95
26	5
70	67
50	20
77	80
52	75
11	32
27	92
95	95
46	92
80	34
3	75
40	71
42	53
25	78
59	52
54	36
22	50
1	8
72	66
67	1
23	86
10	35
2	7
70	64
54	98
66	10
39	41
24	59
83	98
2	27
81	55
59	17
1	70
85	11
72	38
59	10
98	91
8	90
60	12
12	15
80	35
19	96
80	75
68	67
18	48
89	53
37	31
19	39
6	13
41	24
15	83
28	25
89	66
96	44
94	18
2	49
76	51
88	57
52	93
94	80
87	41
54	25
85	23
11	45
20	33
19	95
92	78
92	71
74	54
34	42
64	41
1	98
12	65
24	15
59	55
94	55
38	1
67	25
58	48
85	26
96	59
43	80
71	38
33	39
23	53
28	81
17	50
57	76
28	57
64	13
52	8
17	31
35	81
96	98
57	8
40	44
21	69
90	53
93	97
47	60
2	86
0	29
73	35
79	64
59	4
31	94
59	60
29	68
50	12
46	68
16	52
70	71
24	45
87	11
12	23
83	90
59	38
29	27
92	0
12	0
55	16
85	84
69	33
41	98
21	8
70	34
78	39
29	61
5	83
13	87
63	15
43	72
11	77
23	59
86	4
61	59
63	25
29	78
75	31
63	38
51	9
67	73
52	28
51	37
3	89
70	7
17	30
63	27
35	20
76	29
38	30
61	0
48	46
59	1
75	40
82	9
25	76
21	59
16	86
44	17
33	31
34	33
57	32
13	80
91	2
50	18
58	14
5	36
98	34
75	47
80	38
88	89
43	56
62	84
24	56
97	57
69	21
69	87
57	87
21	24
2	72
11	28
59	73
70	94
62	55
45	79
66	58
56	62
7	62
42	50
95	27
1	63
24	43
68	25
15	96
55	1
48	59
80	29
98	14
10	84
98	19
95	13
30	19
89	87
86	2
82	61
9	87
65	33
35	6
57	5
21	12
24	15
66	31
79	21
1	38
76	66
43	76
0	90
26	6
75	8
89	39
8	6
81	60
77	55
34	41
31	5
8	90
17	57
40	52
36	75
9	73
52	91
56	53
4	16
27	80
85	55
23	64
28	3
62	16
75	54
87	88
43	44
5	54
87	72
59	56
85	44
56	60
83	85
40	74
65	93
46	9
49	90
68	61
88	56
17	92
21	86
34	34
33	78
51	15
67	58
8	66
23	72
12	84
89	66
15	68
74	60
13	84
73	65
84	31
37	96
56	67
91	38
39	6
89	2
79	6
5	80
74	61
23	66
89	54
47	75
57	21
66	40
60	10
6	24
86	48
74	45
52	96
24	96
34	33
51	62
74	80
11	36
1	77
41	37
15	97
51	1
77	85
28	63
61	36
35	43
51	21
36	18
17	34
42	11
87	18
95	23
95	12
15	49
70	88
75	2
64	7
28	97
31	13
73	85
0	29
8	14
69	0
75	91
15	4
51	96
2	13
73	77
97	49
2	33
90	38
28	64
23	90
97	58
95	79
73	90
29	39
52	95
18	80
52	8
5	1
47	84
11	49
8	26
86	14
68	48
89	91
80	59
91	10
67	23
24	15
87	29
58	37
32	2
81	14
13	98
15	9
20	81
12	2
24	66
14	66
8	64
53	26
28	10
76	5
88	36
84	88
3	23
82	48
41	19
18	69
35	23
90	13
59	0
10	55
28	51
20	42
39	9
72	43
59	74
87	17
28	69
78	6
96	41
68	15
16	67
18	19
85	13
27	81
68	52
29	59
26	32
74	46
49	70
22	74
9	53
66	62
46	13
86	49
13	90
71	33
14	94
65	94
56	53
45	43
0	76
72	37
91	94
58	92
41	57
97	81
32	1
12	27
16	48
58	72
92	25
88	73
7	18
10	30
85	14
16	9
78	43
50	43
89	79
96	90
22	58
97	87
67	1
24	51
90	23
83	61
22	3
38	30
85	66
41	23
57	65
82	59
78	49
2	10
28	50
90	65
27	59
70	87
32	7
58	43
60	24
92	30
66	62
85	51
58	50
71	91
41	73
19	58
2	96
49	75
34	30
83	42
33	28
88	30
20	47
9	14
41	42
50	20
40	14
46	23
38	94
11	64
21	2
18	78
49	92
59	70
92	29
62	35
30	53
68	0
27	57
2	38
69	10
68	71
51	5
50	47
25	40
21	83
91	37
53	37
28	5
83	8
44	82
91	93
95	2
62	92
83	81
64	58
91	68
81	30
98	83
72	59
6	57
10	56
11	38
25	24
50	79
9	25
63	26
29	91
16	39
53	68
62	30
63	23
65	14
42	49
69	10
86	48
29	22
45	55
4	0
33	74
47	28
48	3
74	47
53	35
21	94
26	61
60	61
72	86
65	11
14	75
67	76
35	66
57	18
37	80
85	85
28	67
94	5
79	22
95	55
48	45
18	57
31	38
92	19
52	47
87	32
13	85
38	7
12	64
22	90
16	83
41	10
50	6
7	56
55	10
71	65
87	33
78	18
57	65
84	83
75	18
33	92
26	12
75	19
81	92
68	33
12	69
21	48
17	67
67	3
94	40
31	86
49	52
83	44
33	38
81	15
59	88
8	67
76	81
40	26
83	63
78	97
8	8
78	29
16	81
90	8
66	19
19	9
73	89
0	12
14	94
30	92
39	49
22	83
19	52
11	51
65	75
35	82
55	30
7	55
88	79
95	60
96	68
67	89
87	49
82	5
48	73
73	96
17	18
3	50
65	82
28	87
15	63
87	4
35	71
41	87
1	3
50	52
46	76
94	27
72	79
9	82
57	46
86	45
14	55
2	17
63	6
80	88
70	90
30	84
13	32
31	18
47	47
20	55
1	24
78	20
17	37
4	94
64	14
59	38
75	78
80	69
40	81
48	57
33	39
69	92
80	39
92	25
79	42
10	81
81	27
39	28
92	8
30	89
46	20
24	82
54	67
83	9
60	67
7	51
93	98
0	52
72	33
34	18
34	10
29	25
76	5
53	54
70	5
6	90
32	26
26	31
25	91
76	45
26	37
37	68
7	85
14	30
97	26
69	61
95	36
19	9
14	45
11	58
83	30
14	55
27	2
34	98
94	15
16	27
72	62
66	54
70	84
72	15
75	59
12	1
5	76
14	12
37	48
82	4
81	57
77	86
28	14
84	39
14	2
26	46
28	49
90	51
72	44
33	96
77	28
83	96
81	53
24	69
20	71
28	27
28	92
15	41
60	8
22	90
83	2
10	96
3	21
62	39
48	6
95	52
55	32
30	44
6	71
65	70
33	76
57	0
96	2
4	87
86	30
26	75
85	53
0	63
68	0
67	31
18	96
1	12
35	89
78	45
41	61
19	54
20	87
68	81
31	9
68	25
49	64
73	91
72	5
25	74
40	61
41	53
30	56
56	63
76	32
62	82
50	98
13	77
48	5
29	95
37	95
54	88
23	25
23	91
36	47
56	21
93	32
91	12
92	29
32	57
86	29
30	11
79	46
17	8
42	37
62	7
45	54
95	21
90	86
94	32
50	79
36	9
64	93
65	57
66	74
71	18
37	90
17	29
14	72
79	78
33	85
20	75
36	59
13	95
69	86
4	36
53	79
48	18
76	63
8	54
6	15
49	21
75	7
1	33
97	93
87	86
35	9
5	36
81	8
21	14
91	3
56	19
51	12
5	48
17	38
65	46
49	42
57	89
77	9
95	13
21	22
88	36
50	22
80	11
86	72
97	16
27	40
66	20
44	35
80	35
13	95
34	20
82	49
83	17
48	21
98	22
46	80
84	69
66	65
37	6
35	33
61	0
63	59
34	57
59	0
12	61
75	29
57	81
58	51
33	31
21	19
23	10
87	0
68	88
45	25
55	32
42	65
9	69
30	70
86	30
65	69
17	39
70	80
13	92
60	2
7	24
97	72
81	64
60	14
81	58
26	62
54	35
72	80
32	37
52	67
48	37
97	57
68	47
38	2
16	63
68	33
58	3
69	84
22	94
73	56
11	5
40	3
35	3
35	26
86	82
39	89
79	13
12	12
62	20
40	10
35	83
30	0
88	43
60	41
6	49
27	95
35	49
98	67
70	55
12	36
91	58
86	69
51	30
90	90
96	32
36	13
3	56
26	73
78	19
10	96
23	34
56	71
34	45
85	35
95	51
15	37
28	29
55	42
3	25
6	76
54	7
80	18
29	58
33	84
53	29
87	79
44	39
35	46
76	18
29	69
21	67
37	24
63	18
93	77
89	67
73	37
37	86
46	92
67	37
0	0
82	40
12	36
22	34
16	74
75	70
9	92
66	91
96	88
65	79
76	50
34	72
44	86
81	36
71	54
66	84
47	34
17	52
14	13
95	8
2	54
30	26
41	91
46	52
82	34
75	63
80	53
95	47
9	45
63	63
20	9
97	27
49	46
63	40
83	75
93	58
50	95
40	79
6	83
20	54
1	91
42	42
94	1
11	53
17	25
80	90
12	29
39	26
70	59
88	89
40	51
90	37
78	87
81	41
61	24
15	10
44	82
3	42
93	41
92	57
90	46
17	13
14	51
35	56
19	1
4	6
63	81
91	63
43	32
96	23
89	6
40	15
18	32
78	95
84	46
98	68
5	74
83	43
39	41
35	74
41	76
6	5
41	10
14	37
28	62
91	88
36	57
17	82
45	62
81	50
76	38
83	66
49	35
34	38
51	68
63	0
79	14
80	29
95	52
84	97
63	67
51	63
27	1
73	97
57	54
6	69
50	18
67	14
77	97
52	74
53	27
93	64
73	46
71	56
60	97
47	92
58	57
29	78
15	86
94	2
5	43
14	78
7	31
60	86
78	77
51	93
36	98
68	81
21	5
39	74
52	63
21	98
56	74
87	36
93	39
39	72
80	2
37	62
98	6
67	83
53	16
57	61
36	9
25	62
72	70
43	40
87	77
92	2
89	22
7	97
82	66
8	57
93	76
11	3
27	78
87	38
34	59
3	81
21	79
38	36
70	17
83	40
38	12
77	22
22	38
22	26
16	72
91	4
76	24
56	87
85	60
23	81
37	59
6	76
46	8
51	85
48	34
20	61
18	67
44	93
44	83
68	67
68	6
96	68
13	11
30	24
29	25
52	77
76	80
73	42
63	6
74	8
23	30
38	79
43	55
23	75
76	83
11	30
96	53
33	64
62	17
6	85
94	66
50	91
84	3
45	13
10	97
7	55
68	6
30	4
9	58
58	11
92	83
54	13
87	59
70	14
51	50
38	86
67	40
89	95
68	98
15	94
48	26
17	57
77	96
96	67
65	66
95	7
5	15
66	35
6	87
9	55
51	69
51	21
89	22
22	14
4	83
91	33
98	89
30	52
76	3
30	46
25	50
7	95
97	32
96	2
64	72
48	65
73	66
44	12
30	3
48	74
96	52
4	66
36	68
57	79
34	92
68	25
61	1
82	56
60	46
19	53
36	90
38	39
68	3
78	26
77	29
30	0
7	56
16	27
58	56
91	78
71	20
11	16
46	27
39	35
32	87
73	76
64	0
75	16
28	95
55	35
82	87
34	14
2	7
4	85
4	32
20	24
14	42
82	82
0	63
90	19
96	59
0	63
93	50
10	65
88	62
20	97
23	42
90	18
60	86
8	58
80	65
86	40
63	7
81	91
90	36
31	25
47	61
88	87
29	29
36	98
67	78
43	9
66	90
15	19
63	41
46	62
50	21
53	69
70	93
28	31
27	4
46	60
31	81
95	64
78	87
36	50
13	7
78	30
87	10
64	10
74	37
25	32
79	49
18	41
49	73
27	16
48	31
27	8
69	40
17	53
41	43
95	89
65	5
58	76
32	65
62	8
59	42
21	16
24	67
46	67
52	56
87	49
98	95
66	84
22	34
7	76
68	6
87	90
27	47
24	92
54	76
83	37
71	32
89	8
14	12
68	52
9	83
58	93
66	91
73	84
71	68
14	86
8	67
20	24
38	12
28	83
67	12
68	95
28	64
17	27
11	3
0	27
58	55
78	15
34	8
80	12
14	63
66	93
94	50
94	20
75	69
64	14
87	56
4	38
40	27
52	63
81	54
30	26
39	68
80	19
90	25
17	50
79	38
77	58
93	57
85	94
81	51
22	38
34	50
12	16
83	53
88	66
79	58
95	92
2	34
57	50
11	3
18	1
61	74
45	87
10	22
67	22
25	58
21	36
77	44
0	80
76	84
31	2
75	30
36	18
46	87
1	31
49	9
8	60
44	88
43	7
15	80
85	75
72	64
0	1
41	73
46	77
20	89
36	97
39	15
27	90
23	21
17	94
39	73
8	98
44	47
75	80
23	7
51	80
41	20
64	43
35	73
37	72
9	45
28	64
17	37
91	16
87	68
41	28
3	68
67	83
67	27
71	8
22	26
82	62
97	23
65	45
59	1
10	10
4	85
43	64
1	35
82	72
3	90
82	69
43	64
54	47
10	1
60	2
27	96
80	95
22	42
42	72
71	4
95	6
30	88
70	22
44	74
25	52
11	24
7	67
37	32
38	58
58	37
81	51
77	14
71	59
20	6
22	71
25	62
84	22
42	93
35	70
3	25
92	18
15	13
69	29
30	81
25	68
31	47
0	30
74	63
74	42
66	7
54	10
21	20
26	41
67	54
68	67
67	1
70	69
20	9
8	44
3	41
88	17
84	3
68	80
63	50
68	31
82	34
17	88
45	3
33	63
11	64
74	39
48	50
48	11
89	51
77	16
71	37
69	76
82	13
8	31
26	56
19	82
2	48
15	16
92	61
2	64
92	74
73	63
75	34
93	28
8	20
58	16
3	19
96	84
65	77
78	28
54	66
38	41
77	76
21	19
40	37
95	51
19	65
8	58
13	0
25	76
88	29
14	89
52	73
43	80
59	19
97	94
13	92
30	22
75	96
97	41
34	90
10	43
13	18
54	74
81	41
19	10
87	28
15	79
57	76
74	48
84	26
26	64
71	19
9	26
75	55
77	76
64	13
96	74
62	16
67	86
0	6
15	30
44	26
64	85
33	70
49	74
91	32
97	24
5	84
46	57
75	18
81	69
85	69
14	15
46	22
84	8
88	85
76	33
92	71
44	91
42	54
97	92
17	13
30	11
70	42
52	89
83	71
33	11
5	39
15	23
80	48
9	53
72	96
41	11
0	87
70	97
24	25
38	50
46	83
12	59
60	91
69	85
40	35
93	36
46	68
12	92
54	78
12	88
23	70
42	52
54	57
11	11
45	79
4	43
37	61
5	84
21	57
20	47
68	68
83	14
59	9
52	17
83	66
0	56
76	77
44	15
37	20
66	29
74	18
79	49
5	36
52	7
20	12
74	41
13	47
87	51
49	27
22	0
31	22
4	56
40	10
41	72
0	3
73	41
19	15
91	60
70	72
22	76
71	17
17	51
50	45
38	90
12	20
14	97
57	92
15	46
61	57
9	69
96	17
45	32
0	41
35	34
53	18
25	63
90	5
23	7
27	0
14	27
94	73
44	59
68	12
79	19
89	79
37	3
73	62
76	30
87	35
55	80
67	36
4	97
45	61
10	86
97	1
41	58
60	3
17	36
68	25
97	93
29	66
10	63
46	85
83	96
62	62
62	5
90	59
35	37
98	94
43	7
28	85
30	73
59	63
58	11
84	19
46	98
84	89
60	31
85	79
56	11
78	27
43	85
78	81
0	70
95	75
88	23
6	80
9	69
8	83
14	12
26	17
72	21
75	59
70	59
94	51
28	12
5	38
59	27
93	7
26	75
31	57
7	35
57	40
3	90
56	24
62	64
63	83
15	58
64	26
66	68
92	43
53	5
87	24
17	54
46	72
78	36
12	6
11	58
41	45
52	40
61	92
84	29
21	82
11	75
2	18
80	64
78	43
43	18
25	78
98	14
33	31
28	88
76	27
12	25
50	20
41	57
88	10
75	12
24	33
93	45
23	42
90	56
84	71
71	22
81	83
87	44
46	54
45	9
39	85
91	52
49	1
77	69
39	97
25	55
27	40
21	54
56	58
69	68
96	63
80	92
76	64
55	57
30	9
48	74
34	77
8	42
16	16
93	93
29	79
51	38
81	94
13	80
17	49
74	81
92	51
5	31
58	30
65	41
98	5
55	85
49	3
58	78
41	20
43	83
74	27
56	51
81	24
76	5
50	77
8	30
17	61
77	57
62	79
18	92
49	37
75	83
98	55
50	83
51	92
71	82
49	75
6	91
30	60
40	15
77	16
96	68
42	8
78	59
67	40
16	33
93	56
91	77
39	14
97	12
86	83
83	14
5	39
37	54
97	54
78	79
24	63
29	4
20	57
10	96
23	29
87	16
20	12
7	38
5	96
62	72
17	40
67	39
12	81
17	82
8	75
13	4
35	69
98	15
86	36
75	0
60	70
83	29
42	85
12	98
72	86
68	24
82	51
69	84
29	55
10	41
54	42
98	21
89	29
11	17
43	16
14	59
46	41
7	38
37	59
23	21
74	35
56	92
28	70
0	48
26	87
27	76
37	73
65	20
25	65
28	64
29	84
30	51
55	59
77	71
0	22
30	16
90	91
37	89
62	28
55	80
48	11
15	24
16	71
69	94
50	3
71	89
62	27
47	29
98	88
84	65
73	20
86	38
43	25
78	56
11	29
13	53
50	10
45	55
20	83
32	18
33	80
38	0
43	17
84	2
44	54
50	24
96	63
49	81
59	1
1	83
53	10
76	3
8	81
48	94
84	23
72	96
76	76
12	54
47	62
68	78
24	28
72	84
22	15
89	34
36	9
27	57
46	10
98	73
64	58
40	15
21	2
74	90
15	89
65	87
67	18
44	65
43	30
71	22
60	65
16	0
38	84
27	16
46	29
32	24
82	22
28	34
86	41
58	95
33	66
81	41
57	45
52	19
76	70
50	49
27	41
74	7
76	1
13	66
93	70
31	91
76	13
26	44
69	27
64	8
5	50
32	54
80	84
71	67
8	6
49	96
69	6
14	97
23	57
38	43
72	74
57	32
52	26
97	98
86	38
57	69
38	61
74	27
15	96
17	73
59	94
97	84
21	39
16	61
6	36
58	45
67	0
49	69
10	78
28	38
55	20
85	91
95	89
66	83
51	59
56	42
27	72
89	8
50	15
82	9
42	19
2	75
9	27
68	7
65	72
92	0
67	2
40	90
79	86
20	2
97	25
14	14
9	0
18	82
61	65
43	66
6	59
34	46
57	80
89	8
84	10
67	85
26	75
56	76
54	23
93	14
93	8
39	68
76	17
40	78
61	82
42	59
62	62
48	98
4	46
85	22
68	98
38	13
75	46
56	38
31	23
31	98
31	9
96	84
93	18
22	26
81	33
82	71
14	53
63	67
66	4
2	54
42	77
94	19
5	2
69	87
16	5
2	3
12	90
3	36
67	21
94	73
14	33
42	26
7	65
13	65
45	91
87	77
5	16
79	28
78	52
72	0
95	57
82	14
42	11
87	28
6	44
13	84
48	76
87	77
6	57
67	81
20	11
67	86
81	84
60	10
14	9
66	62
86	1
48	49
47	89
6	25
65	27
79	69
96	79
90	91
35	45
26	90
10	49
87	88
89	92
19	59
5	32
96	46
44	49
67	92
16	26
47	76
77	49
61	58
14	84
60	73
2	51
31	67
82	87
34	48
2	28
75	34
94	51
81	67
29	16
74	56
5	50
4	93
56	64
61	5
30	27
92	7
78	26
13	14
67	3
62	86
85	40
54	26
88	34
86	32
51	78
98	58
39	19
47	33
35	34
44	91
78	91
19	72
50	40
87	14
39	25
29	83
71	77
33	58
65	82
63	38
34	42
46	82
86	71
96	72
8	43
25	2
12	72
39	45
72	94
41	61
8	44
55	96
39	96
66	48
32	49
26	17
81	61
95	24
58	9
95	67
66	10
59	52
75	41
40	54
49	44
6	84
15	89
95	78
79	86
92	86
4	62
58	19
60	93
60	29
83	25
45	41
76	11
85	28
26	10
39	26
87	80
29	30
76	26
64	84
0	84
37	49
81	15
49	73
43	51
52	84
36	76
24	23
0	38
24	6
56	66
59	20
25	30
47	43
49	4
91	75
28	29
61	10
34	88
57	64
30	46
79	41
70	29
45	94
50	65
38	23
33	3
42	48
66	41
52	76
86	65
88	41
7	18
98	19
44	81
24	30
45	2
1	35
33	36
81	62
6	13
47	64
43	91
36	88
44	50
15	25
7	83
98	65
91	12
51	57
7	87
28	8
55	63
54	78
81	74
69	27
96	0
60	80
24	13
55	57
10	66
26	90
3	32
67	97
11	40
5	35
14	70
10	85
52	35
88	23
37	11
56	48
45	69
47	15
76	81
11	52
41	38
48	89
3	12
20	91
26	81
52	91
65	9
8	67
26	51
1	8
85	43
58	56
40	27
42	62
37	58
54	93
89	95
64	3
38	65
5	80
9	41
9	52
1	25
89	85
62	29
52	47
70	85
86	91
7	11
35	90
11	55
51	39
32	95
84	30
13	90
93	98
5	32
40	21
94	86
32	19
15	47
34	68
97	85
98	65
29	54
17	45
26	95
88	15
83	87
89	83
46	46
67	10
86	79
10	74
66	32
86	50
49	59
35	10
25	78
36	60
41	22
10	13
67	29
97	59
58	17
50	41
39	85
40	14
0	21
35	44
16	10
9	15
86	48
70	82
4	44
5	98
61	70
12	69
39	14
33	71
39	70
65	52
44	90
11	89
8	77
46	63
78	1
67	44
95	57
31	55
32	27
71	7
63	49
83	69
10	8
65	1
73	78
68	90
0	34
95	84
52	63
38	17
80	20
5	24
21	51
41	56
40	35
77	91
18	42
85	67
88	2
44	34
96	51
12	4
18	49
44	3
20	29
56	54
75	5
56	76
61	9
52	58
27	8
62	94
4	71
7	15
27	87
65	63
68	35
63	51
81	68
3	21
44	79
60	97
40	53
30	92
55	80
88	13
64	79
66	36
86	21
40	82
71	14
5	58
88	90
20	35
45	85
52	90
58	73
74	23
31	76
28	32
45	91
9	59
96	19
39	14
92	41
36	95
51	13
27	81
36	64
50	30
50	75
88	11
55	93
43	36
8	58
50	96
45	43
73	79
62	93
37	9
48	68
63	56
25	61
86	71
30	85
42	62
77	63
95	60
38	31
44	84
88	5
91	75
56	82
15	20
34	34
86	72
61	60
47	55
38	56
65	60
18	46
52	1
43	91
43	61
70	14
67	69
54	86
8	1
28	93
76	44
30	38
35	77
22	72
59	47
63	95
42	76
10	57
16	89
58	74
59	70
64	60
69	26
35	45
31	73
55	49
18	95
81	60
72	85
55	48
65	26
71	9
32	41
47	94
70	94
13	30
90	96
88	33
30	48
76	32
4	17
12	94
58	78
96	64
48	19
34	59
56	54
28	44
37	6
90	49
50	90
22	77
47	15
70	39
74	90
23	22
78	89
44	61
53	46
37	97
17	26
15	14
45	37
31	93
52	68
38	9
90	47
25	9
14	35
22	90
86	70
22	63
94	66
62	57
20	85
56	13
62	53
44	58
64	12
56	28
12	52
29	66
41	53
98	42
49	1
72	28
7	88
90	8
34	84
29	97
56	0
70	63
18	37
98	71
44	8
66	38
67	31
88	83
58	31
20	0
47	67
56	41
33	59
49	51
94	22
33	79
96	28
18	31
71	14
40	78
86	3
77	45
87	33
6	23
52	82
2	10
76	40
54	63
64	92
79	69
20	8
87	85
42	92
16	24
88	90
47	44
48	0
14	23
14	90
70	31
89	98
68	15
19	68
69	71
89	23
17	56
42	77
60	2
48	75
67	32
70	80
73	1
2	56
2	36
80	64
72	81
96	95
76	31
61	57
36	78
50	31
78	74
19	9
4	4
43	82
48	51
23	9
16	66
60	95
27	81
66	78
14	23
10	67
5	59
23	21
70	18
89	28
69	13
65	81
8	11
1	34
59	40
90	36
57	2
85	96
86	11
47	96
36	51
13	13
51	14
36	86
4	52
78	19
70	78
96	60
97	80
80	58
34	97
82	41
52	62
60	31
56	81
20	37
14	38
65	77
42	77
43	16
87	3
17	53
29	48
60	63
61	37
85	2
64	52
47	57
63	4
58	16
82	70
35	85
24	51
22	52
0	27
49	61
90	84
1	65
43	68
17	26
30	38
60	73
29	67
54	44
4	7
83	28
5	67
55	51
66	47
40	87
21	43
64	85
9	72
47	76
30	79
64	19
77	5
46	10
22	84
3	56
49	61
97	54
60	28
52	78
82	2
95	93
6	30
97	10
96	96
22	33
28	78
49	97
3	50
15	79
36	43
5	68
7	1
82	60
55	77
43	4
6	32
38	88
54	83
93	74
77	32
7	32
50	60
65	79
91	45
25	95
34	82
79	0
97	45
85	51
59	86
69	43
35	9
13	65
17	22
41	28
75	45
36	96
32	98
32	14
46	71
36	78
56	92
9	59
39	94
51	69
73	19
66	42
53	51
89	40
87	54
83	87
89	32
12	44
21	61
91	61
43	49
54	79
82	82
33	86
36	77
20	3
56	96
55	15
28	7
8	90
63	98
47	84
10	46
27	86
70	7
63	43
31	73
2	51
51	68
22	64
19	2
0	57
95	4
62	15
71	95
45	70
35	69
45	6
0	7
92	41
0	72
10	95
63	59
38	57
71	68
95	64
77	75
97	11
38	28
5	13
75	79
10	9
61	27
65	22
77	95
8	63
46	68
7	10
3	82
73	0
49	37
79	39
50	21
82	68
17	56
33	90
28	19
84	63
51	80
74	13
73	35
34	23
48	16
34	91
46	25
11	43
57	34
36	15
69	74
67	44
15	78
57	1
70	22
53	64
42	87
61	76
78	12
45	92
86	58
25	30
23	68
90	23
39	23
75	6
51	47
64	79
56	16
32	35
75	45
15	5
43	45
6	2
94	64
87	3
10	88
26	82
17	31
74	52
70	51
32	15
80	8
58	77
28	28
89	79
90	15
57	84
55	32
26	97
29	10
56	38
72	90
54	30
98	51
46	62
38	18
74	53
53	3
8	9
23	56
68	7
95	3
97	67
6	83
9	65
38	3
22	67
85	91
34	69
69	62
71	51
22	17
84	26
92	39
1	3
84	29
8	12
60	97
75	7
32	67
88	42
59	46
91	17
88	39
79	34
95	58
64	40
18	18
86	59
89	97
10	64
58	48
36	12
72	27
62	82
77	65
46	62
27	70
52	41
0	0
13	55
31	45
42	29
61	85
59	84
23	63
40	77
89	51
36	17
30	75
68	4
83	6
45	93
64	15
31	31
26	77
69	68
91	59
3	63
59	83
97	49
42	71
5	30
51	16
33	56
35	37
12	34
31	67
47	59
17	51
8	54
20	29
58	13
11	23
72	85
8	43
55	65
21	29
21	38
21	19
13	76
67	53
24	20
96	60
54	29
88	92
7	47
58	47
64	76
18	79
42	22
77	74
40	58
47	55
19	62
52	85
96	71
42	52
9	82
58	30
60	34
16	97
67	31
63	79
2	23
41	36
4	15
26	75
77	3
43	94
82	66
2	5
37	93
32	61
18	38
51	54
27	20
70	14
85	43
93	38
84	3
21	14
7	71
79	80
72	93
45	78
24	51
77	6
33	41
19	34
52	49
24	83
98	49
41	94
4	57
22	53
97	8
86	26
8	8
19	16
29	60
76	79
21	92
31	95
98	49
8	30
60	88
38	75
57	74
51	39
51	60
55	49
17	50
44	81
94	2
45	29
11	13
9	32
89	47
47	38
10	37
1	87
56	57
76	10
13	69
28	83
82	29
29	60
67	97
38	1
69	60
19	53
18	91
89	65
83	60
92	21
54	19
7	61
85	66
26	74
81	44
88	80
1	73
3	97
14	6
38	65
50	43
94	38
41	59
88	65
58	22
17	42
92	83
27	79
9	70
15	29
2	8
78	28
45	43
24	41
23	1
9	61
39	43
67	42
43	55
20	3
72	50
1	6
82	38
34	61
71	56
67	30
89	35
82	63
26	92
98	83
33	96
85	79
28	59
22	48
3	5
66	10
62	5
27	81
79	7
43	5
65	44
30	95
17	86
11	52
5	58
3	6
0	5
38	39
92	0
97	52
60	94
16	24
7	13
15	18
27	97
67	84
68	51
89	65
63	39
43	59
69	74
81	2
14	29
46	49
40	27
70	15
5	36
8	51
95	72
30	59
31	16
34	21
31	68
0	48
98	23
45	83
44	69
16	22
36	18
0	35
85	25
24	20
13	40
60	79
73	50
42	87
2	19
46	69
64	45
80	77
61	0
26	63
58	96
8	67
71	8
56	46
57	11
4	42
36	27
58	4
90	77
12	28
97	56
23	56
81	73
29	56
4	34
82	88
44	24
73	53
69	55
24	62
24	42
61	58
22	39
22	95
0	97
11	73
19	56
41	90
46	95
98	3
20	3
24	4
82	92
46	69
26	90
34	4
71	7
50	91
73	19
36	85
15	16
93	5
61	56
73	51
1	34
33	95
89	57
89	13
49	57
55	74
18	28
62	68
78	67
36	41
80	48
81	47
60	24
72	57
41	25
48	66
25	14
82	82
90	29
4	63
34	80
76	35
15	65
87	55
4	66
38	5
21	81
88	95
78	98
19	47
10	50
35	88
85	31
44	21
11	39
54	49
81	76
26	25
85	79
22	11
57	31
52	78
30	60
67	65
45	31
76	85
86	77
41	32
27	67
13	24
66	53
18	22
47	56
81	65
56	15
86	55
4	48
12	50
52	89
85	60
20	78
42	89
53	45
13	21
21	45
55	32
36	16
48	39
39	66
91	44
6	61
25	18
37	18
46	73
17	43
38	19
84	32
64	44
86	73
40	48
22	40
74	51
14	11
77	52
88	17
9	77
67	34
18	66
49	51
28	23
59	4
96	27
91	24
16	62
14	42
28	27
85	23
34	35
33	48
61	41
65	69
60	68
37	37
94	78
49	62
12	3
44	77
44	0
33	23
80	25
75	75
3	32
54	37
89	66
77	43
20	9
43	5
64	84
2	5
94	38
44	89
10	53
6	25
28	13
35	8
33	26
89	22
52	63
51	23
5	77
48	37
54	76
12	44
92	93
1	5
10	44
86	2
34	44
81	77
47	92
71	94
66	89
11	97
31	27
4	41
7	77
12	93
26	21
17	51
46	10
19	98
66	86
22	50
30	1
33	18
9	45
23	46
7	54
55	17
15	62
67	93
24	97
26	39
94	58
94	60
71	56
95	11
32	26
61	57
7	10
23	57
42	53
74	15
92	96
55	9
19	23
19	72
39	32
13	37
75	71
31	23
88	12
19	1
2	31
94	71
27	33
64	67
94	10
84	74
74	49
42	5
47	30
91	39
62	92
49	24
51	15
90	20
11	13
25	26
30	57
61	88
69	48
85	16
23	13
27	20
30	82
39	30
0	9
6	59
98	29
43	76
18	73
95	83
24	3
54	44
65	62
96	98
47	33
20	34
23	4
49	64
30	74
64	61
53	52
3	31
23	31
12	57
4	25
5	36
6	64
82	90
93	7
86	43
12	82
64	73
79	66
33	55
59	51
25	41
62	30
5	95
68	77
30	27
19	68
90	82
32	29
39	85
63	72
37	90
83	24
82	82
24	61
61	58
25	63
56	96
52	34
15	57
38	77
36	25
9	20
92	54
19	22
39	64
27	84
22	91
17	51
31	30
38	95
92	15
66	10
46	69
31	78
94	2
31	8
31	40
45	7
80	95
43	43
36	65
93	3
86	62
28	58
6	43
55	11
75	60
95	81
37	33
85	24
72	19
35	86
51	44
98	33
49	22
13	40
15	10
3	63
21	67
87	95
2	78
83	82
55	62
82	79
85	36
34	0
48	31
25	36
23	8
64	21
59	93
71	30
31	62
77	30
96	32
33	48
28	75
45	93
67	86
23	16
9	93
97	2
48	64
40	17
68	58
98	0
75	86
97	12
29	42
16	7
20	17
64	47
94	59
53	93
6	57
34	80
39	97
45	47
55	27
40	38
51	24
56	91
56	71
67	11
58	38
88	82
4	85
81	30
62	22
28	80
59	60
28	56
60	72
38	51
20	93
83	20
57	13
62	71
18	8
28	2
97	62
43	36
39	49
62	44
6	1
6	3
51	63
36	92
42	98
60	48
35	87
8	64
92	0
0	66
36	8
2	97
3	54
24	68
2	48
80	84
48	90
0	61
35	37
93	13
93	28
85	87
45	20
4	58
43	12
74	29
83	61
88	39
58	41
10	70
90	72
63	50
37	0
16	35
62	44
2	83
48	46
30	0
81	54
31	39
38	64
47	12
26	71
86	11
50	22
93	79
40	39
40	35
3	13
34	5
87	94
60	85
96	62
65	41
60	68
0	24
29	33
94	57
13	81
22	56
35	86
3	9
9	57
76	87
51	58
2	15
64	57
32	78
80	17
94	61
22	73
34	14
34	73
11	23
65	45
68	60
4	1
21	31
44	10
0	3
7	92
20	69
83	33
9	23
28	26
47	17
0	94
49	38
49	40
92	62
62	75
73	62
53	2
62	89
7	71
21	29
3	91
72	53
92	53
75	60
97	90
42	21
10	50
31	67
90	85
8	79
20	39
84	55
4	78
4	7
17	82
29	68
48	92
89	21
35	65
32	76
51	26
50	66
81	70
75	53
4	28
81	43
43	79
96	2
52	45
69	23
25	82
41	46
22	89
61	66
38	41
4	80
67	74
26	55
21	10
93	90
22	89
85	30
15	85
49	25
79	6
88	31
70	93
35	52
2	82
76	38
17	32
92	9
35	38
72	34
23	29
90	38
68	44
69	60
44	61
8	95
85	0
91	3
56	19
31	46
22	84
60	25
33	3
30	41
85	52
84	75
69	19
77	57
53	59
38	89
87	55
66	40
90	84
57	25
71	22
45	3
94	55
4	32
77	8
37	19
72	64
12	54
35	90
30	19
48	76
59	62
95	74
22	4
39	93
45	31
47	98
7	49
36	46
95	56
82	75
44	42
98	90
24	85
59	52
42	70
6	58
42	14
31	7
49	9
45	36
15	65
35	64
32	13
6	15
1	9
40	92
96	50
22	59
1	46
61	14
42	58
2	92
65	10
75	61
92	10
85	83
42	75
43	21
81	55
31	19
27	81
37	60
93	20
0	6
76	64
30	59
56	29
10	29
52	48
66	56
95	33
93	86
52	62
17	23
37	0
96	12
17	93
17	92
93	48
40	10
47	40
6	51
40	1
97	0
46	67
29	38
22	71
26	13
40	56
84	41
2	75
81	15
12	75
90	46
50	87
17	39
54	93
43	84
11	55
68	89
80	66
16	17
34	77
48	95
84	17
61	18
89	36
39	81
56	36
34	81
14	30
79	38
60	2
65	27
16	26
98	81
25	67
23	32
37	43
92	88
74	29
52	98
39	5
57	73
21	88
84	26
18	73
73	10
29	30
69	14
66	16
96	30
42	75
24	1
12	40
13	24
75	87
13	9
52	65
32	28
6	82
20	68
91	37
7	25
10	49
55	2
29	49
34	60
79	91
67	49
54	88
19	7
33	8
55	82
90	16
92	78
26	0
57	5
89	22
1	84
15	66
82	84
15	70
65	96
43	93
98	56
98	45
13	36
44	66
10	15
87	87
88	81
91	97
35	97
91	54
54	9
7	22
54	79
64	82
16	18
52	32
55	7
65	82
83	74
61	14
4	85
72	96
27	37
13	68
67	55
87	75
5	31
19	75
97	75
49	18
92	44
30	10
9	22
30	34
53	53
6	14
59	96
26	94
1	25
22	28
47	71
98	21
17	32
76	88
5	77
91	92
18	34
39	70
30	46
5	65
31	72
37	72
67	74
17	16
62	25
92	39
68	82
41	60
64	59
13	84
55	54
81	30
22	33
23	13
17	26
95	53
86	42
72	52
89	9
36	92
48	89
6	47
98	33
98	2
8	53
42	74
49	89
39	4
32	15
32	33
75	42
45	92
28	76
43	11
94	60
41	42
17	71
86	37
33	18
16	89
53	4
98	67
7	40
45	62
14	39
95	49
4	7
7	98
79	93
84	44
11	69
70	41
18	51
89	52
92	4
53	7
3	63
24	8
75	82
18	79
3	76
53	94
27	50
48	89
33	23
37	31
98	29
2	48
96	20
91	20
3	70
27	2
27	24
84	4
79	3
74	30
90	92
76	90
98	79
68	94
48	36
95	77
7	23
90	81
85	7
93	51
11	30
10	8
17	94
28	82
3	17
50	17
80	15
97	98
24	82
93	22
4	14
15	59
92	49
72	95
47	90
37	32
2	4
52	89
75	22
52	45
27	91
4	70
97	89
66	11
67	93
6	26
78	28
53	43
18	65
83	59
58	64
65	96
60	6
44	69
73	95
11	90
92	65
64	3
88	23
46	25
54	33
94	97
43	30
22	70
76	0
43	66
58	48
46	74
76	3
89	87
94	5
30	55
95	42
50	97
83	33
70	29
51	25
36	50
79	91
72	28
22	18
62	88
37	87
1	12
71	25
20	94
15	31
11	42
49	43
41	1
96	46
89	89
88	33
35	35
71	55
82	44
66	86
47	35
15	56
48	16
32	25
96	90
74	64
53	74
23	50
63	77
76	33
90	74
91	0
48	79
21	27
61	50
9	21
28	32
83	12
7	91
98	45
3	1
22	73
3	80
83	26
39	37
66	93
34	82
88	45
36	78
54	10
91	40
26	24
22	90
58	42
16	75
59	60
57	61
59	29
7	60
23	40
97	48
33	46
95	22
29	65
11	9
92	98
84	47
10	94
19	97
51	55
3	41
49	73
97	17
15	10
82	23
69	9
61	91
90	23
80	56
34	30
54	22
29	92
0	25
8	98
15	80
74	26
60	93
64	5
56	13
43	91
83	91
84	90
2	19
15	66
64	11
26	77
55	30
46	67
48	0
36	55
74	92
26	30
35	7
39	46
47	15
74	53
22	91
64	38
46	66
30	46
35	49
43	78
43	71
18	29
53	90
1	59
98	56
64	28
17	64
29	74
34	98
57	74
60	54
26	77
1	85
87	57
3	72
83	90
19	41
98	30
87	36
71	50
0	61
57	3
64	40
47	44
6	90
55	22
58	65
80	52
85	68
6	76
9	66
18	80
75	76
33	24
12	39
68	14
27	25
37	33
76	45
43	21
85	7
1	5
54	44
7	19
25	58
57	95
97	10
80	59
52	58
51	64
36	31
79	0
87	66
80	85
21	66
11	20
53	72
50	20
80	2
87	74
37	24
42	6
17	52
68	82
45	93
93	31
83	68
10	81
94	5
91	85
62	30
61	46
31	26
94	24
46	1
52	29
77	59
47	96
87	51
67	6
52	10
2	9
88	36
40	84
59	5
18	44
77	64
74	63
62	30
65	1
9	73
63	13
11	14
25	62
22	40
20	88
47	51
85	27
4	60
46	12
84	91
18	17
88	5
17	85
70	68
25	64
55	40
43	75
3	51
49	25
0	68
73	38
87	59
81	75
22	88
43	77
2	3
14	62
45	0
65	69
20	68
32	95
7	26
26	42
93	45
81	45
58	34
60	17
37	67
15	42
36	32
56	66
62	16
50	84
90	43
89	11
30	97
57	71
51	65
53	89
37	55
84	81
57	16
62	3
80	67
79	91
85	69
51	0
21	50
31	56
90	19
49	14
27	95
3	14
35	82
72	44
96	13
14	85
94	32
81	52
33	51
36	14
3	90
79	78
68	28
98	7
87	50
67	81
98	77
61	53
25	39
25	10
80	48
50	3
11	15
67	64
95	91
82	46
66	52
78	62
70	63
53	6
79	61
12	30
54	51
88	19
64	79
28	84
0	50
44	62
29	47
9	68
3	54
33	79
12	47
17	21
70	40
13	55
65	48
77	77
21	30
74	31
40	85
98	48
22	39
10	57
90	65
50	96
93	80
87	75
10	57
40	49
79	38
57	24
29	40
17	19
22	93
77	41
41	38
97	26
35	80
11	45
90	32
5	13
81	74
44	95
14	12
80	55
2	20
15	52
33	31
74	76
52	30
35	22
77	13
62	73
83	26
0	39
82	6
9	69
67	32
9	85
81	72
7	10
29	4
63	17
75	66
85	90
64	25
12	28
44	66
63	39
48	76
28	94
37	67
16	51
15	98
58	4
9	9
32	10
11	76
14	2
26	50
80	98
92	42
98	64
4	0
79	87
31	21
24	8
75	77
33	16
51	18
86	32
10	64
80	55
14	44
89	40
81	20
83	43
75	58
56	51
50	59
79	2
45	81
61	73
70	64
74	93
85	12
30	6
40	5
28	30
75	33
16	68
93	66
7	74
64	59
49	0
85	21
62	29
2	27
12	39
7	79
57	85
66	73
20	68
3	41
78	22
80	47
51	93
11	24
11	35
77	75
41	96
32	70
0	7
34	45
76	61
49	21
32	58
94	53
82	86
23	50
67	7
75	79
9	4
64	42
22	34
68	24
42	83
44	95
59	95
98	7
68	22
89	28
81	70
94	6
44	8
24	12
92	61
79	87
51	45
51	3
58	51
11	48
69	89
50	6
69	25
94	49
94	74
5	51
78	45
52	70
42	98
37	3
95	25
38	50
67	95
9	45
95	42
21	18
40	64
59	11
97	10
41	92
81	37
92	41
32	50
9	72
58	52
30	20
2	76
91	97
60	90
60	23
89	40
46	22
37	87
31	37
20	41
98	68
32	95
25	32
81	21
65	91
16	38
11	34
7	3
15	91
87	98
11	93
1	9
29	94
28	90
90	35
84	90
30	77
43	44
77	34
68	57
59	15
93	31
31	11
86	37
65	50
39	41
67	47
65	75
43	78
39	11
59	33
81	59
61	24
10	20
19	85
60	66
84	23
95	70
65	25
48	37
69	69
85	72
34	54
42	4
87	79
75	26
39	75
21	85
66	85
63	42
11	19
51	58
62	40
63	40
14	11
30	37
79	72
62	43
76	59
89	88
83	2
39	55
45	86
8	39
95	15
23	1
8	1
9	62
68	21
33	51
23	25
48	46
36	20
24	66
61	56
65	77
73	70
63	51
98	80
53	85
5	57
14	8
69	30
8	10
54	84
69	74
66	42
26	32
72	50
79	66
55	60
72	29
12	50
30	36
17	71
88	49
32	81
18	21
60	17
18	77
14	56
70	41
98	29
13	43
81	12
6	94
71	73
78	26
60	0
91	45
69	93
66	58
22	52
85	93
56	84
30	16
96	18
51	35
63	54
86	85
47	60
84	4
8	33
39	39
50	66
9	74
7	23
5	53
57	98
15	76
92	60
31	43
12	31
34	24
22	75
95	76
70	18
41	13
57	23
30	60
90	12
25	72
28	92
55	31
30	57
21	80
34	87
14	17
58	82
24	64
23	33
56	53
33	34
65	52
41	88
8	4
66	71
12	90
93	69
4	71
67	56
75	43
97	92
39	49
51	85
95	86
35	73
71	30
70	29
40	79
20	37
12	10
42	57
90	88
69	71
54	35
91	82
84	40
78	32
3	90
27	49
87	39
29	62
60	37
15	35
65	84
50	92
3	77
41	81
43	97
41	74
17	76
76	50
74	19
2	5
64	1
59	92
45	53
18	1
57	21
74	43
37	78
38	25
17	74
87	21
87	59
18	32
22	4
5	62
33	21
76	60
7	54
80	43
76	14
51	42
13	85
19	56
37	87
41	16
30	75
73	75
13	9
95	91
59	8
12	96
89	89
1	29
25	34
86	20
90	92
18	20
77	27
91	41
86	79
35	95
55	3
74	95
92	46
79	89
47	4
15	8
41	34
3	25
81	29
69	19
95	6
14	37
58	40
22	19
81	37
23	59
50	16
87	59
88	25
7	74
28	81
86	94
59	31
63	68
17	7
49	36
95	45
44	18
79	46
97	95
32	59
38	62
42	8
47	53
50	65
16	0
31	42
0	6
22	39
24	32
62	24
58	26
21	18
49	65
97	10
70	9
13	58
28	71
93	41
28	18
53	86
23	34
52	39
35	89
23	82
1	9
35	95
8	85
38	90
24	96
81	84
15	75
65	77
19	64
76	6
56	86
37	7
98	17
38	31
20	79
38	83
92	69
30	60
30	46
62	44
40	39
20	93
13	49
98	32
11	55
27	70
46	38
4	6
21	65
59	89
26	2
96	80
21	3
84	23
41	44
36	25
66	66
17	31
41	1
23	71
56	3
44	8
4	48
37	83
7	13
22	7
65	75
58	81
58	35
40	40
59	29
74	68
87	26
36	74
70	3
43	21
83	81
45	42
57	10
54	68
70	89
63	11
74	36
54	96
22	98
77	31
73	21
57	22
21	1
47	59
98	55
30	82
17	78
97	60
23	37
95	11
48	8
52	98
1	7
62	83
7	68
98	0
46	21
21	95
31	2
29	3
43	63
51	11
18	55
77	90
96	10
93	63
74	67
95	90
34	83
52	83
9	66
47	60
62	48
16	14
49	32
38	45
2	27
14	73
83	10
9	65
91	92
97	82
68	52
20	84
61	41
23	48
82	98
8	53
68	83
19	89
83	74
34	76
55	65
26	39
37	52
95	14
96	16
65	50
75	30
49	84
33	73
62	75
33	26
66	9
20	10
96	77
63	98
68	65
19	43
39	7
51	60
14	96
90	77
21	11
68	97
45	75
69	89
53	38
73	59
7	22
28	33
37	56
38	85
76	63
56	15
68	8
97	73
20	37
37	38
87	91
48	71
56	30
42	96
85	16
46	2
59	66
40	35
48	91
36	52
12	8
48	68
48	30
0	14
56	81
53	23
95	64
2	98
95	64
57	50
48	40
55	69
43	47
98	51
32	87
46	67
18	32
12	32
8	42
96	80
85	29
90	7
94	63
44	64
39	98
11	6
94	75
27	95
35	45
92	62
70	87
24	4
15	75
23	32
6	64
71	21
81	86
8	61
50	7
41	44
95	97
29	81
27	28
90	83
77	58
72	31
13	96
83	54
12	42
18	42
34	69
39	10
22	60
25	58
65	38
43	85
12	57
43	90
31	82
66	93
89	80
86	67
92	67
86	47
25	65
34	0
22	62
95	87
89	66
31	10
76	64
41	45
33	5
60	1
83	61
71	74
45	74
28	57
53	19
37	17
70	10
33	18
51	64
14	8
76	77
96	32
92	67
93	87
18	67
78	47
53	6
7	49
16	65
67	54
26	65
63	17
83	25
65	94
34	30
44	28
68	7
89	97
44	54
58	22
71	32
36	67
84	24
32	35
66	80
43	35
75	65
12	91
9	32
59	14
34	36
67	51
5	66
70	83
34	44
17	11
49	93
89	3
76	65
75	68
40	43
3	45
0	15
42	23
67	15
52	12
41	87
81	89
21	6
77	13
20	53
64	86
19	35
81	84
83	15
64	51
10	74
69	20
3	66
32	60
58	73
95	31
39	37
72	1
37	58
76	53
21	14
78	54
5	77
76	34
38	58
57	6
71	49
81	22
73	40
82	81
12	53
16	24
20	10
76	39
52	46
82	80
80	86
77	60
10	77
39	35
67	79
1	86
63	92
38	95
7	2
58	84
54	0
70	79
2	46
5	65
67	81
97	41
47	51
61	38
84	77
20	51
0	16
65	75
0	62
42	63
61	66
0	34
63	40
4	88
65	19
69	43
68	80
21	15
81	43
25	91
78	74
2	24
39	9
71	49
60	65
14	69
60	70
53	4
77	87
78	17
35	56
48	11
50	11
70	93
79	42
87	12
5	78
47	19
9	78
11	39
80	47
11	67
10	51
68	69
84	89
75	60
9	63
97	73
17	86
24	90
27	60
51	0
32	45
69	63
70	87
56	5
61	9
80	94
64	19
66	6
74	65
87	60
77	69
74	22
60	74
21	4
47	78
41	94
49	71
71	12
26	24
93	56
88	91
65	18
13	47
5	56
90	92
7	79
29	14
28	16
64	76
74	8
90	62
14	12
56	0
16	66
91	14
20	47
54	85
82	58
35	46
36	88
11	57
14	78
33	86
45	30
38	58
48	50
4	13
11	83
54	35
3	92
42	82
0	4
62	26
15	73
59	30
83	49
37	22
78	80
27	22
86	7
78	84
74	0
98	22
76	84
41	32
71	51
6	85
89	17
36	61
37	66
17	10
91	97
39	50
76	39
76	54
41	29
96	77
37	28
71	68
11	21
61	83
3	73
79	86
20	19
55	21
68	83
53	47
58	8
17	40
49	76
69	67
42	29
45	28
94	86
25	38
1	21
82	6
41	39
67	74
48	34
10	23
27	34
38	3
53	83
0	76
41	80
40	87
79	61
1	36
81	13
15	69
50	94
27	12
57	27
85	61
15	91
26	72
0	4
71	73
42	82
48	55
51	40
25	85
50	17
19	39
76	93
62	49
38	9
28	61
1	97
55	73
29	83
17	0
7	29
98	32
40	96
70	71
91	18
39	64
90	3
69	95
42	73
23	24
83	0
11	44
50	97
13	90
4	1
52	12
22	28
12	56
72	53
80	29
85	29
42	38
17	26
1	9
46	97
22	10
68	27
89	67
10	75
76	34
44	62
21	59
95	42
11	92
4	70
56	25
57	96
74	6
44	16
47	48
92	74
62	60
42	18
38	84
93	24
92	41
41	65
44	92
46	96
11	80
36	32
78	68
89	61
6	19
40	29
18	31
15	83
60	66
46	51
78	60
33	33
14	28
14	16
22	3
38	87
15	68
49	7
29	40
45	64
12	83
7	90
69	48
22	27
52	88
49	56
53	0
61	33
85	33
59	73
5	46
82	66
26	32
14	8
57	13
73	69
75	37
42	60
93	20
39	56
16	30
36	37
25	28
62	10
32	10
96	94
93	71
41	50
10	84
55	86
39	75
8	64
37	49
68	23
24	54
62	24
27	49
45	44
11	75
85	33
91	47
39	88
98	97
70	62
0	7
90	79
95	94
12	13
22	73
57	86
55	46
0	74
38	12
45	92
47	83
27	16
87	65
68	95
93	1
37	21
43	70
1	60
15	26
33	16
42	69
5	32
35	37
77	1
75	95
77	54
93	13
7	5
57	0
15	30
7	73
9	23
85	64
65	44
64	93
68	93
91	33
78	74
41	13
38	90
83	68
46	81
24	48
21	0
74	29
37	87
30	38
12	54
51	70
73	58
56	33
96	35
70	90
48	41
53	39
10	36
11	92
3	72
34	1
24	89
90	49
6	60
66	14
93	98
1	7
98	72
40	31
80	8
60	78
84	87
68	71
4	58
77	67
72	86
0	98
40	30
44	5
83	70
44	97
76	65
80	15
4	5
73	6
39	29
95	48
89	59
23	46
76	30
51	51
33	36
30	65
79	50
70	73
98	3
67	34
55	23
40	54
5	29
15	43
6	7
33	26
55	35
54	37
56	52
2	84
62	9
61	49
34	95
73	67
8	8
46	88
90	93
53	2
24	21
66	84
36	23
11	55
18	33
55	98
64	5
39	58
31	52
39	85
20	69
66	40
75	31
24	56
46	7
36	67
71	38
84	73
41	85
57	7
39	46
29	86
54	3
94	0
46	60
88	86
62	81
92	94
53	21
67	29
41	72
63	50
32	61
26	96
59	18
76	23
74	80
81	75
16	83
67	40
59	9
49	94
79	16
18	75
74	15
9	96
56	57
75	84
39	80
20	45
11	52
61	86
96	93
1	54
9	40
46	10
16	52
41	56
96	26
45	33
36	0
20	54
27	60
19	13
73	28
85	18
65	71
3	93
87	44
42	87
93	69
32	46
65	72
60	31
52	64
36	4
41	3
33	9
64	20
27	78
6	22
62	15
79	87
6	75
90	4
74	81
77	53
19	48
70	10
63	15
63	77
78	40
91	16
47	41
20	58
7	11
64	95
69	94
17	66
5	47
79	87
20	22
25	47
16	10
9	16
81	89
42	44
68	47
39	71
36	47
10	15
11	17
95	57
9	22
58	67
24	19
76	68
87	69
22	51
28	32
58	28
7	32
6	78
54	45
72	4
81	20
10	94
78	83
8	22
88	88
44	32
28	67
59	60
88	25
58	94
70	55
48	10
13	55
59	89
22	7
9	42
44	75
92	44
87	26
61	7
96	72
81	95
11	34
30	42
31	0
62	76
56	23
7	43
86	34
74	28
41	47
33	87
38	26
1	28
11	74
32	38
58	4
95	63
17	44
14	67
11	34
56	91
50	72
34	3
5	33
97	2
0	8
75	6
89	31
96	59
64	87
71	31
35	33
48	70
4	87
45	37
5	52
32	95
45	49
74	71
66	92
54	91
25	31
48	6
77	1
55	2
41	41
88	60
33	77
72	92
66	95
57	42
9	1
93	47
42	66
3	59
32	40
50	9
53	48
13	64
53	61
73	34
93	87
91	58
18	33
3	95
93	65
61	9
77	65
22	45
76	57
13	76
88	67
59	96
8	19
6	90
95	18
42	56
79	58
11	62
57	74
5	60
35	31
80	66
77	48
22	70
38	18
48	56
48	77
28	28
61	87
96	43
59	51
1	19
31	66
31	6
35	21
76	21
52	26
54	30
53	66
96	62
96	15
51	41
98	3
0	84
72	4
3	69
80	11
22	2
32	59
38	29
69	74
66	20
29	79
63	97
9	89
50	1
30	79
4	81
91	8
25	97
53	16
64	44
11	95
64	53
67	55
39	98
21	78
36	72
20	17
19	89
65	68
30	92
27	77
36	29
45	45
8	53
98	86
78	82
26	78
4	41
56	12
52	9
74	46
2	77
91	78
75	96
39	9
23	96
81	78
84	40
31	75
97	35
20	79
0	52
72	5
21	56
33	88
87	67
25	74
48	60
45	30
18	13
45	9
44	87
53	35
41	84
84	36
24	7
80	63
69	56
15	25
66	93
32	56
54	91
42	5
73	59
93	8
14	20
41	29
89	19
49	10
87	33
61	23
58	79
39	90
27	41
97	25
89	53
12	62
25	39
73	92
23	5
39	74
25	48
86	18
68	97
67	2
68	84
64	58
80	9
66	43
98	60
85	98
38	60
71	22
77	26
45	17
15	88
86	97
63	61
29	9
92	8
42	30
92	57
86	80
49	37
8	60
42	74
11	3
52	71
18	45
35	48
75	75
62	74
30	27
68	22
24	76
47	97
97	53
98	6
91	46
95	65
91	87
28	6
63	95
39	65
78	65
1	58
5	79
71	45
57	77
44	18
57	25
74	34
51	44
37	46
4	15
76	89
70	89
60	52
67	61
88	91
45	35
91	42
35	84
47	55
11	33
45	53
58	51
41	40
4	3
4	49
74	66
84	84
57	39
28	57
62	88
67	58
38	3
72	35
64	73
84	75
8	75
43	4
60	20
23	79
70	13
39	38
34	72
56	64
25	86
22	31
96	75
84	72
71	84
68	45
6	55
13	2
81	26
22	67
46	26
45	7
82	11
11	96
39	77
76	0
17	24
17	62
65	19
64	30
23	86
64	97
64	11
45	91
41	6
33	8
81	93
26	52
81	94
12	55
42	3
73	18
70	95
4	5
49	78
27	38
27	47
48	0
77	47
75	0
27	83
67	51
43	23
28	47
1	38
83	45
66	89
62	78
34	24
35	72
21	8
80	51
22	11
63	55
37	75
91	48
68	63
25	36
26	76
37	25
96	47
36	94
21	80
19	5
42	53
69	22
70	4
94	7
43	53
25	61
90	81
42	43
97	23
39	83
38	45
68	42
57	89
27	2
4	27
47	57
90	68
18	44
29	81
75	71
29	80
30	29
45	22
76	60
62	16
62	41
1	79
23	45
76	49
88	21
57	20
75	73
60	8
12	92
39	28
66	68
97	21
42	87
96	18
71	92
80	27
16	16
44	31
0	62
14	47
17	81
80	22
22	8
6	24
60	91
33	88
53	91
65	29
53	8
50	25
69	34
26	56
35	61
49	91
72	94
78	98
54	19
64	93
76	20
36	81
8	78
90	43
9	79
53	56
91	31
60	7
25	89
35	5
85	23
43	4
13	2
70	68
42	18
48	46
26	3
85	1
13	66
37	93
67	16
5	20
91	68
27	49
98	90
39	56
31	54
28	15
90	95
71	40
45	20
33	75
67	72
41	79
38	33
44	38
21	53
58	30
41	47
98	63
74	85
64	83
24	77
32	43
75	45
88	35
62	95
41	27
92	87
59	18
56	4
97	66
48	59
49	74
2	85
42	57
4	21
38	84
49	0
1	2
56	51
80	42
49	78
42	49
13	71
45	71
96	72
56	18
64	27
36	41
92	3
30	68
77	18
71	48
58	30
20	87
27	4
43	80
19	91
50	93
23	90
90	21
77	0
8	17
24	5
72	12
23	76
10	16
83	6
13	64
5	33
15	37
57	69
20	53
88	87
16	30
19	72
69	64
31	98
75	22
40	16
22	20
83	11
17	62
14	41
38	21
81	81
75	58
25	15
96	77
34	22
79	62
97	5
90	75
26	39
86	21
22	86
30	98
31	43
66	0
2	45
14	52
17	76
20	38
48	70
14	11
93	27
68	21
81	75
9	68
3	98
30	92
67	19
11	73
19	92
88	55
76	87
89	69
80	26
33	24
7	26
88	34
21	61
60	75
1	41
28	71
77	5
38	64
32	27
23	10
77	84
23	72
30	3
4	79
65	60
10	41
90	8
47	58
25	10
36	79
6	32
30	36
97	2
59	5
47	81
35	92
53	31
20	91
49	94
63	61
52	54
57	93
35	82
87	53
68	58
11	72
35	37
84	74
10	92
53	81
13	84
36	47
34	49
82	45
61	45
55	11
67	26
90	86
52	97
38	96
36	80
62	88
85	43
80	90
58	12
88	16
60	55
80	68
7	42
46	42
90	83
84	57
25	28
36	41
47	53
81	2
14	16
54	59
81	62
45	43
26	95
46	79
24	79
28	2
57	10
62	72
82	29
90	56
72	44
55	45
0	40
5	46
16	42
83	77
46	70
82	18
70	29
47	51
54	77
85	70
24	47
70	43
6	26
41	89
86	96
0	16
92	2
49	23
22	54
60	68
17	7
32	6
97	21
4	40
23	5
45	20
64	49
81	73
81	51
87	75
87	36
4	72
75	62
54	84
78	52
12	58
55	8
23	66
53	37
6	86
90	37
72	93
84	50
37	63
75	62
3	83
14	97
38	61
36	64
29	32
16	74
54	60
6	53
86	76
74	48
36	94
85	54
76	44
42	22
78	9
53	13
94	18
29	89
78	63
17	84
88	7
9	34
71	7
41	72
53	30
14	70
41	25
87	39
78	87
60	29
15	54
50	26
96	52
2	78
28	49
66	58
37	16
32	76
41	47
69	52
4	53
93	23
14	51
54	96
42	72
35	35
60	1
26	37
51	8
30	56
84	8
85	95
14	86
89	7
18	57
13	97
1	67
70	48
67	8
97	94
16	94
49	52
97	43
19	21
56	27
0	32
97	56
36	6
34	67
59	1
97	23
58	68
69	47
72	3
55	46
66	37
49	27
64	5
69	15
66	6
63	88
78	93
48	33
23	68
69	19
57	80
41	53
44	39
76	79
95	8
53	11
19	41
68	92
93	47
0	53
73	62
10	70
44	34
78	90
74	30
35	61
68	78
72	76
67	95
79	90
59	89
3	15
12	65
36	43
61	31
68	61
3	63
12	59
83	8
42	59
16	67
67	57
95	90
85	15
98	93
11	69
37	15
43	6
84	70
72	60
92	65
73	13
97	64
3	35
50	66
83	84
44	16
49	17
70	79
90	90
22	7
28	20
52	34
1	94
0	13
0	41
7	36
68	15
96	12
90	52
1	83
19	41
0	62
18	44
20	12
60	65
71	16
26	51
14	47
88	34
38	76
22	32
67	12
10	37
93	23
42	80
51	84
78	56
62	88
59	76
77	45
57	21
62	21
92	48
96	8
74	56
16	81
20	55
66	98
75	24
34	91
58	44
88	70
5	23
37	1
97	12
37	72
0	8
23	15
3	13
94	16
86	86
24	6
39	74
70	46
84	24
1	69
40	40
43	18
45	39
33	53
95	65
88	6
85	70
42	8
19	27
30	20
80	93
11	72
48	44
76	74
75	8
30	3
80	13
0	89
15	82
9	17
56	60
40	45
90	41
29	48
17	14
42	98
83	63
13	13
77	12
2	46
8	95
6	33
49	94
4	86
71	62
94	76
6	12
47	18
68	58
39	51
35	59
70	4
65	0
19	5
84	13
49	75
1	9
15	61
21	78
4	44
32	61
53	84
16	47
25	60
79	7
78	52
18	8
27	10
86	26
65	29
13	23
70	82
12	89
48	96
4	83
25	42
89	71
45	57
18	0
84	82
4	95
16	20
44	19
81	14
89	85
42	46
84	57
28	77
31	29
21	97
86	68
34	44
98	19
1	70
69	47
36	83
47	59
61	87
0	34
23	73
21	69
29	53
64	79
41	54
22	29
44	54
8	6
13	42
51	40
25	11
83	65
54	93
62	2
6	5
92	11
7	11
58	70
24	86
43	5
76	3
68	66
10	80
72	56
30	90
34	48
44	82
72	29
51	31
68	92
71	21
36	65
13	54
31	90
87	53
92	36
47	51
58	44
38	79
12	46
10	62
56	23
48	55
15	51
36	48
30	33
87	81
91	67
2	14
32	1
58	2
0	30
36	18
10	61
54	60
82	73
44	26
93	52
25	53
13	13
56	34
89	66
2	76
79	97
21	48
63	57
97	1
8	57
45	45
84	29
35	89
14	70
21	74
41	43
25	10
27	10
13	39
68	91
37	70
31	7
94	69
37	45
48	16
82	34
34	32
87	46
93	78
26	21
29	62
72	63
49	55
87	98
30	89
74	80
51	32
33	88
26	65
49	29
19	32
67	15
63	78
40	68
43	70
70	63
51	0
94	36
28	63
32	90
94	31
40	47
35	56
25	29
68	44
26	92
18	70
26	49
8	86
63	74
28	78
19	50
77	28
23	1
57	62
86	56
84	97
35	64
91	2
92	85
55	13
7	69
32	21
80	97
25	11
90	58
46	27
93	29
23	25
96	64
71	42
91	48
95	97
1	42
56	27
92	63
21	94
92	45
42	32
94	21
41	49
79	67
41	81
40	89
96	46
72	82
63	20
60	63
20	75
45	41
39	97
66	29
58	23
31	32
33	43
61	25
70	92
67	73
62	66
73	81
72	44
38	12
51	29
43	83
10	4
93	78
57	9
12	75
0	94
40	28
20	45
65	87
35	68
10	67
90	34
33	56
52	82
69	65
52	67
17	19
56	96
4	82
80	72
68	44
65	16
2	13
62	29
24	73
80	53
90	94
62	22
11	61
97	2
76	51
98	90
54	59
49	98
49	63
96	77
13	1
18	69
24	44
54	60
27	97
70	95
69	56
36	52
23	84
38	45
5	95
94	64
7	89
80	82
82	39
94	86
58	66
6	46
64	76
85	4
66	3
75	27
75	66
96	26
90	79
34	14
87	44
69	1
56	14
84	85
62	36
94	60
33	66
26	72
36	25
22	85
49	76
94	13
54	69
77	75
89	72
37	27
91	51
7	18
37	10
66	24
7	87
63	83
48	51
94	20
51	70
10	22
69	56
57	7
8	74
11	58
91	54
76	75
88	68
18	57
97	41
22	46
63	61
31	21
55	12
57	32
90	53
70	74
39	68
60	65
38	61
85	17
23	50
3	65
14	86
72	45
95	11
13	95
93	13
85	76
78	93
0	35
9	24
72	21
49	89
39	8
33	72
56	88
85	63
96	31
63	98
22	57
27	41
20	24
56	67
70	7
92	32
73	9
70	51
93	43
64	92
81	31
42	7
22	45
40	13
82	26
85	88
63	89
48	60
21	3
80	23
59	33
62	41
10	97
84	54
61	55
16	11
25	6
37	31
75	39
96	75
82	72
32	19
73	2
54	84
39	92
28	86
84	46
46	73
34	16
12	28
82	34
53	53
6	30
12	36
80	97
53	58
82	51
7	73
8	20
15	86
72	26
93	0
75	41
34	50
7	98
16	10
7	63
21	81
57	90
7	96
34	47
5	97
73	58
46	82
23	73
57	90
53	33
43	20
25	80
80	92
21	15
21	69
45	40
8	28
22	79
61	95
84	78
86	16
69	3
20	78
51	63
26	63
84	38
61	60
58	6
38	45
29	0
55	23
48	63
40	26
29	3
93	98
56	5
47	91
22	64
23	83
50	31
74	36
55	23
19	52
35	40
85	98
32	26
13	91
88	11
44	78
85	25
83	12
12	74
51	24
23	87
37	62
78	85
25	4
7	80
20	24
33	47
5	71
51	15
48	22
89	19
30	28
67	96
78	68
37	30
87	44
36	11
71	3
8	68
61	16
1	28
90	12
75	21
78	79
19	33
40	32
83	44
33	53
41	29
63	41
41	62
79	27
78	6
18	88
82	45
98	26
62	19
29	19
48	29
36	75
70	63
94	49
20	71
67	44
63	12
63	4
45	52
94	25
56	41
31	1
82	55
12	9
0	87
81	15
92	24
85	28
87	97
74	93
57	66
1	49
76	53
29	49
60	80
62	51
93	64
46	48
10	32
62	10
70	35
51	16
3	80
30	38
5	35
81	14
46	69
60	71
75	95
67	29
63	83
28	82
9	3
71	10
63	3
43	37
93	3
70	75
26	74
25	71
28	70
64	77
31	4
51	63
1	28
72	42
53	95
85	24
32	48
29	4
3	44
46	24
87	92
42	24
71	83
68	27
44	51
30	98
60	76
88	70
75	41
57	52
14	94
61	44
96	0
66	11
25	32
18	15
43	27
48	25
56	32
45	82
34	80
13	5
9	31
96	26
44	89
75	55
21	92
25	14
59	30
40	50
29	19
69	4
72	83
35	80
97	42
61	70
94	44
0	22
28	57
82	54
97	25
69	92
59	64
27	89
63	18
57	23
85	96
58	39
65	4
17	4
55	49
35	65
73	93
64	9
69	48
41	22
57	97
54	17
25	38
36	34
98	46
92	6
8	24
19	48
92	79
70	22
28	7
64	23
51	17
39	94
85	11
71	37
40	33
3	54
72	89
76	19
8	86
81	11
20	83
7	44
94	0
31	41
24	18
76	96
38	16
14	61
69	90
45	61
81	17
60	6
14	20
1	37
26	21
47	26
3	23
86	45
47	59
73	65
60	34
76	66
69	54
30	32
15	63
67	70
4	73
94	35
64	82
25	19
43	12
43	60
86	82
88	34
95	82
77	69
53	80
52	40
54	80
70	13
81	89
11	48
9	22
47	86
81	33
77	9
72	65
14	84
77	14
71	51
83	69
67	52
66	34
20	55
62	59
81	25
94	70
61	0
95	84
44	18
31	68
72	76
57	63
70	53
50	40
0	6
36	74
58	53
57	59
85	64
98	12
77	84
54	88
91	4
41	48
91	7
21	77
83	69
28	91
18	88
83	8
43	38
96	32
94	58
39	57
36	26
13	94
21	80
75	13
27	73
36	16
95	88
5	49
83	37
9	36
49	68
88	51
11	86
97	8
78	74
71	43
72	17
39	74
97	13
83	11
95	59
73	94
17	25
27	37
1	25
84	18
19	72
48	37
75	0
0	69
31	1
97	88
33	96
37	24
62	49
67	92
26	87
81	57
71	72
69	94
11	95
64	56
16	54
66	85
59	36
27	50
7	21
28	82
49	70
71	92
8	38
74	13
84	26
51	47
9	2
25	52
94	9
90	47
68	8
2	31
88	65
69	19
69	88
36	16
79	26
18	81
76	72
27	23
83	25
78	37
32	95
72	9
21	33
88	19
77	23
76	19
73	93
2	82
48	63
33	26
81	41
13	22
74	30
64	89
55	44
17	3
19	35
10	22
66	17
11	6
51	93
66	85
55	58
66	51
81	6
25	39
65	84
75	38
5	45
56	18
31	38
73	69
97	54
73	69
54	11
87	31
33	43
8	65
39	4
15	94
45	72
62	62
59	87
43	74
33	70
37	87
35	72
81	73
33	40
83	39
32	95
85	17
33	56
70	69
55	61
80	67
31	91
12	20
90	51
89	34
55	90
96	64
77	94
89	4
41	84
21	14
60	37
34	98
31	74
8	8
41	94
23	89
33	73
1	84
70	85
13	83
80	30
22	2
58	68
83	26
90	6
55	71
24	67
93	67
1	42
47	59
50	52
47	22
24	50
16	7
45	13
74	91
8	86
78	21
56	26
70	76
48	65
19	66
21	15
31	45
63	54
65	61
8	76
70	29
34	54
13	66
96	21
8	22
50	59
42	67
30	85
9	48
10	51
20	44
35	28
30	11
79	94
90	95
63	95
60	18
95	68
74	67
72	26
34	90
43	68
18	12
14	69
95	21
18	57
14	18
52	90
59	44
28	10
57	3
37	96
71	92
86	61
39	60
71	57
75	47
67	70
3	85
53	44
52	61
15	97
23	69
59	49
78	94
72	42
58	97
48	81
20	56
49	66
4	5
62	81
13	89
44	52
14	62
72	93
69	64
28	68
55	23
61	16
10	4
81	43
5	32
96	79
3	58
62	53
27	39
73	86
43	93
33	41
72	71
63	81
38	82
61	79
71	90
37	13
61	66
8	8
69	83
21	53
40	50
34	82
29	41
90	81
48	67
47	41
98	14
81	38
26	52
15	33
58	86
74	17
1	74
34	9
43	49
75	8
28	75
26	87
53	68
57	3
53	47
50	31
4	29
57	71
59	33
43	50
70	14
56	42
7	15
36	13
66	36
94	96
21	94
4	74
37	95
51	75
82	18
27	63
37	93
28	54
23	0
86	3
11	38
27	70
22	20
91	31
21	28
65	56
6	95
57	48
6	7
21	5
74	43
60	2
35	8
64	64
62	92
39	53
22	61
71	0
20	58
42	89
21	68
8	2
32	90
58	72
49	5
60	36
61	55
29	60
43	64
13	77
70	15
23	66
73	67
64	83
81	78
5	27
80	33
41	34
28	71
96	52
19	22
94	93
18	25
47	76
17	88
36	89
53	2
13	67
75	39
69	70
12	25
13	5
59	38
92	81
55	61
89	45
21	12
88	67
74	90
40	23
16	47
20	25
78	16
79	46
92	89
77	34
69	34
80	28
62	18
0	84
65	83
11	35
58	54
24	71
64	85
42	23
11	36
75	21
19	45
96	31
33	78
48	28
26	86
30	1
75	56
76	51
15	14
96	12
95	29
76	21
34	19
41	95
38	46
46	54
48	13
19	51
14	92
71	59
26	96
41	84
3	86
35	45
98	80
33	24
39	74
65	54
44	75
65	77
69	76
21	65
46	18
13	97
30	96
97	53
11	24
34	9
73	71
48	2
52	78
29	70
59	10
34	83
76	3
90	10
26	77
7	65
7	33
93	7
21	26
75	1
69	57
96	34
90	93
32	66
12	31
82	32
51	63
10	51
86	86
88	3
76	78
20	92
66	53
93	3
30	66
79	93
31	84
79	73
67	71
53	94
79	85
8	66
35	43
14	55
49	51
77	81
17	62
67	58
57	12
57	45
69	43
95	83
97	86
95	0
24	96
70	95
89	56
28	9
19	27
46	17
9	71
40	40
11	75
88	87
32	78
18	81
38	8
71	3
68	58
39	32
53	85
83	61
80	57
93	5
37	17
83	18
44	96
36	1
40	50
59	45
80	50
6	23
45	67
11	95
94	4
76	19
97	3
94	68
15	26
12	41
92	77
41	74
53	55
53	73
2	75
68	79
28	39
40	95
35	98
33	81
27	72
53	60
14	66
60	56
26	7
85	94
47	33
23	85
48	38
56	32
40	70
79	55
92	17
34	21
55	74
94	78
1	40
69	86
71	25
28	27
0	40
6	6
18	12
28	64
9	10
44	65
17	69
43	66
15	72
2	48
38	48
14	67
8	53
89	58
44	20
71	1
11	55
17	5
50	23
13	1
2	72
77	66
4	2
81	51
7	51
14	97
45	44
68	57
94	74
21	83
55	54
80	98
97	29
16	22
43	64
15	88
71	3
23	60
26	90
93	55
42	35
30	64
15	55
68	34
96	27
4	87
14	30
33	5
86	67
20	70
16	68
53	65
55	51
53	53
96	45
97	96
62	34
15	35
31	41
26	11
57	16
87	48
82	10
56	42
49	40
53	27
11	54
65	28
4	53
74	55
62	17
84	43
25	64
39	7
37	60
53	45
27	95
54	18
87	54
55	42
45	5
15	0
38	71
94	19
54	21
69	39
60	7
63	84
62	79
43	96
59	71
0	50
45	94
9	39
63	10
10	60
42	85
71	41
36	75
85	28
47	11
44	83
18	56
38	59
84	96
68	65
28	0
31	52
38	65
60	31
27	63
7	52
44	96
7	83
41	48
2	3
45	80
78	95
62	15
56	42
62	93
98	55
65	39
12	78
0	35
42	79
65	65
10	37
71	51
88	0
36	14
95	0
89	79
69	67
27	15
43	47
6	22
50	7
46	61
57	97
51	46
8	79
30	55
89	20
68	17
5	66
11	63
72	73
9	36
71	32
58	56
91	81
65	97
35	53
3	55
6	68
88	94
15	13
60	45
82	16
54	20
22	57
13	77
55	67
49	68
31	77
93	20
77	23
18	40
39	45
83	83
51	94
19	88
74	8
29	93
2	83
25	6
82	9
62	30
24	90
68	17
55	18
30	61
44	61
50	45
29	51
66	0
88	0
30	26
83	65
64	84
50	47
74	29
89	20